MESH_NAME: Double Axe
TEXTURE_DIFFUSE: low_poly_tex.png
VERTEX_COUNT: 168
VERT:
0.03266 -0.00000 0.92064
0.42599 0.00000 0.90473
0.21225 0.17932
WEIGHTS: None

VERT:
-0.00126 0.03385 0.93909
-0.00203 0.81647 0.57739
0.21225 0.17932
WEIGHTS: None

VERT:
0.03259 -0.00000 0.93921
0.81446 -0.00000 0.58022
0.21225 0.17932
WEIGHTS: None

VERT:
-0.23277 -0.00596 0.81028
-0.11767 -0.99294 -0.01525
0.84875 0.48645
WEIGHTS: None

VERT:
-0.23613 -0.00000 0.68209
-0.90799 0.00000 -0.41899
0.84875 0.48645
WEIGHTS: None

VERT:
-0.20124 -0.00610 0.67897
-0.13502 -0.98591 -0.09874
0.84875 0.48645
WEIGHTS: None

VERT:
-0.03504 -0.00000 0.92040
-0.43233 0.00000 0.90172
0.21225 0.17932
WEIGHTS: None

VERT:
-0.00119 0.03385 0.92052
-0.00318 0.42905 0.90328
0.21225 0.17932
WEIGHTS: None

VERT:
0.03852 -0.04001 0.92062
0.23948 -0.69203 0.68099
0.84216 0.19951
WEIGHTS: None

VERT:
-0.04904 -0.03996 0.87453
-0.30516 -0.95192 0.02701
0.84216 0.19951
WEIGHTS: None

VERT:
0.04697 -0.03996 0.87487
0.30497 -0.95192 0.02916
0.84216 0.19951
WEIGHTS: None

VERT:
0.03900 0.04001 0.78528
0.24426 0.69203 -0.67929
0.84216 0.19951
WEIGHTS: None

VERT:
-0.04888 0.03996 0.83075
-0.30496 0.95192 -0.02916
0.84216 0.19951
WEIGHTS: None

VERT:
0.04713 0.03996 0.83109
0.30517 0.95192 -0.02701
0.84216 0.19951
WEIGHTS: None

VERT:
-0.00072 -0.03385 0.78511
0.00323 -0.39452 -0.91888
0.84216 0.19951
WEIGHTS: None

VERT:
0.03900 -0.04001 0.78528
0.24427 -0.69203 -0.67929
0.84216 0.19951
WEIGHTS: None

VERT:
-0.04043 -0.04001 0.78500
-0.23948 -0.69203 -0.68099
0.84216 0.19951
WEIGHTS: None

VERT:
-0.03457 -0.00000 0.78499
-0.39142 0.00000 -0.92021
0.84216 0.19951
WEIGHTS: None

VERT:
-0.04043 0.04001 0.78500
-0.23948 0.69203 -0.68099
0.84216 0.19951
WEIGHTS: None

VERT:
-0.00072 0.03385 0.78511
0.00323 0.39452 -0.91888
0.84216 0.19951
WEIGHTS: None

VERT:
0.03313 -0.00000 0.78523
0.39789 0.00000 -0.91743
0.84216 0.19951
WEIGHTS: None

VERT:
0.03266 -0.00000 0.92064
0.42599 0.00000 0.90473
0.84216 0.19951
WEIGHTS: None

VERT:
0.03852 0.04001 0.92062
0.23948 0.69202 0.68099
0.84216 0.19951
WEIGHTS: None

VERT:
-0.00119 0.03385 0.92052
-0.00318 0.42905 0.90328
0.84216 0.19951
WEIGHTS: None

VERT:
-0.00119 -0.03385 0.92052
-0.00318 -0.42905 0.90328
0.84216 0.19951
WEIGHTS: None

VERT:
-0.04091 0.04001 0.92034
-0.24427 0.69203 0.67928
0.84216 0.19951
WEIGHTS: None

VERT:
-0.03504 -0.00000 0.92040
-0.43233 0.00000 0.90172
0.84216 0.19951
WEIGHTS: None

VERT:
-0.04091 -0.04001 0.92034
-0.24427 -0.69203 0.67929
0.84216 0.19951
WEIGHTS: None

VERT:
0.03616 0.00000 -0.07419
0.99681 -0.00000 0.07977
0.21225 0.17932
WEIGHTS: None

VERT:
0.00270 0.05046 -0.18609
0.00181 0.85261 -0.52254
0.21225 0.17932
WEIGHTS: None

VERT:
0.00231 0.03385 -0.07431
-0.00027 0.99709 0.07626
0.21225 0.17932
WEIGHTS: None

VERT:
-0.00126 -0.03385 0.93909
-0.00203 -0.81647 0.57739
0.21225 0.17932
WEIGHTS: None

VERT:
-0.03511 -0.00000 0.93897
-0.81852 -0.00000 0.57447
0.21225 0.17932
WEIGHTS: None

VERT:
-0.00119 -0.03385 0.92052
-0.00318 -0.42905 0.90328
0.21225 0.17932
WEIGHTS: None

VERT:
-0.04776 0.00000 -0.18627
-0.85074 0.00000 -0.52559
0.21225 0.17932
WEIGHTS: None

VERT:
0.05317 0.00000 -0.18591
0.85444 0.00000 -0.51955
0.21225 0.17932
WEIGHTS: None

VERT:
0.00270 -0.05046 -0.18609
0.00181 -0.85261 -0.52254
0.21225 0.17932
WEIGHTS: None

VERT:
0.00231 -0.03385 -0.07431
-0.00028 -0.99709 0.07626
0.21225 0.17932
WEIGHTS: None

VERT:
-0.03154 0.00000 -0.07443
-0.99735 -0.00000 0.07275
0.21225 0.17932
WEIGHTS: None

VERT:
-0.03457 -0.00000 0.78499
-0.39142 0.00000 -0.92021
0.21225 0.17932
WEIGHTS: None

VERT:
-0.00046 -0.02592 0.71291
0.00020 -0.99843 -0.05610
0.21225 0.17932
WEIGHTS: None

VERT:
-0.00072 -0.03385 0.78511
0.00323 -0.39452 -0.91888
0.21225 0.17932
WEIGHTS: None

VERT:
-0.00072 0.03385 0.78511
0.00323 0.39452 -0.91888
0.21225 0.17932
WEIGHTS: None

VERT:
0.02545 -0.00000 0.71300
0.99862 0.00000 -0.05259
0.21225 0.17932
WEIGHTS: None

VERT:
-0.00046 0.02592 0.71291
0.00019 0.99843 -0.05610
0.21225 0.17932
WEIGHTS: None

VERT:
0.03313 -0.00000 0.78523
0.39789 0.00000 -0.91743
0.21225 0.17932
WEIGHTS: None

VERT:
-0.02638 -0.00000 0.71282
-0.99822 -0.00000 -0.05962
0.21225 0.17932
WEIGHTS: None

VERT:
-0.00027 -0.02592 0.65961
-0.00007 -0.99981 0.01971
0.21225 0.17932
WEIGHTS: None

VERT:
0.02564 -0.00000 0.65970
0.99973 -0.00000 0.02323
0.21225 0.17932
WEIGHTS: None

VERT:
-0.00027 0.02592 0.65961
-0.00006 0.99981 0.01971
0.21225 0.17932
WEIGHTS: None

VERT:
-0.02619 -0.00000 0.65952
-0.99987 0.00000 0.01619
0.21225 0.17932
WEIGHTS: None

VERT:
-0.03341 0.00000 0.45651
-0.99987 0.00000 0.01584
0.21225 0.17932
WEIGHTS: None

VERT:
0.00044 -0.03385 0.45663
-0.00006 -0.99981 0.01936
0.21225 0.17932
WEIGHTS: None

VERT:
0.00044 0.03385 0.45663
-0.00008 0.99981 0.01936
0.21225 0.17932
WEIGHTS: None

VERT:
0.03429 0.00000 0.45675
0.99974 0.00001 0.02288
0.21225 0.17932
WEIGHTS: None

VERT:
-0.17005 0.00830 0.67488
0.60202 0.79791 -0.03005
0.84216 0.19951
WEIGHTS: None

VERT:
-0.17005 -0.00830 0.67488
0.60203 -0.79791 -0.03005
0.84216 0.19951
WEIGHTS: None

VERT:
-0.14652 -0.00000 0.59575
0.45767 0.00000 -0.88912
0.84216 0.19951
WEIGHTS: None

VERT:
0.15677 0.00929 0.74410
-0.54045 0.78636 -0.29925
0.84216 0.19951
WEIGHTS: None

VERT:
0.16939 -0.00830 0.67607
-0.60180 -0.79791 -0.03429
0.84216 0.19951
WEIGHTS: None

VERT:
0.15677 -0.00929 0.74410
-0.54046 -0.78636 -0.29924
0.84216 0.19951
WEIGHTS: None

VERT:
-0.15791 0.00929 0.74299
0.54256 0.78635 -0.29543
0.84216 0.19951
WEIGHTS: None

VERT:
-0.19499 0.00827 0.80940
-0.04814 0.99883 -0.00475
0.84216 0.19951
WEIGHTS: None

VERT:
-0.16104 0.00936 0.81622
-0.05028 0.99873 -0.00161
0.84216 0.19951
WEIGHTS: None

VERT:
-0.15860 -0.00931 0.94120
0.45238 -0.77920 0.43382
0.84216 0.19951
WEIGHTS: None

VERT:
-0.17734 0.00829 0.98037
0.57475 0.80221 0.16163
0.84216 0.19951
WEIGHTS: None

VERT:
-0.17734 -0.00829 0.98037
0.57476 -0.80220 0.16163
0.84216 0.19951
WEIGHTS: None

VERT:
0.19338 -0.00827 0.81077
0.04818 -0.99883 -0.00442
0.84216 0.19951
WEIGHTS: None

VERT:
0.15938 -0.00936 0.81735
0.05029 -0.99873 -0.00126
0.84216 0.19951
WEIGHTS: None

VERT:
0.15607 0.00931 0.94231
-0.45543 0.77919 0.43063
0.84216 0.19951
WEIGHTS: None

VERT:
0.19308 0.00828 0.89622
0.04828 0.99882 0.00569
0.84216 0.19951
WEIGHTS: None

VERT:
0.15913 0.00935 0.88940
0.05010 0.99874 0.00191
0.84216 0.19951
WEIGHTS: None

VERT:
-0.19529 -0.00828 0.89485
-0.04832 -0.99882 0.00535
0.84216 0.19951
WEIGHTS: None

VERT:
-0.16129 -0.00935 0.88828
-0.05011 -0.99874 0.00155
0.84216 0.19951
WEIGHTS: None

VERT:
-0.07996 -0.01548 0.90801
-0.36383 -0.59064 0.72026
0.84216 0.19951
WEIGHTS: None

VERT:
-0.08604 -0.01527 0.87165
-0.32495 -0.94550 0.02071
0.84216 0.19951
WEIGHTS: None

VERT:
-0.10860 -0.01293 0.90782
0.11183 -0.78047 0.61511
0.84216 0.19951
WEIGHTS: None

VERT:
-0.10848 -0.01305 0.87090
-0.08397 -0.99647 0.00115
0.84216 0.19951
WEIGHTS: None

VERT:
-0.07957 0.01548 0.79706
-0.35870 0.59063 -0.72283
0.84216 0.19951
WEIGHTS: None

VERT:
-0.07957 -0.01548 0.79706
-0.35870 -0.59063 -0.72283
0.84216 0.19951
WEIGHTS: None

VERT:
-0.10821 0.01293 0.79704
0.16685 0.81338 -0.55730
0.84216 0.19951
WEIGHTS: None

VERT:
-0.07996 0.01548 0.90801
-0.36383 0.59063 0.72027
0.84216 0.19951
WEIGHTS: None

VERT:
-0.08590 0.01527 0.83337
-0.32481 0.94550 -0.02298
0.84216 0.19951
WEIGHTS: None

VERT:
-0.10835 0.01304 0.83397
-0.08393 0.99647 -0.00168
0.84216 0.19951
WEIGHTS: None

VERT:
0.07805 0.01548 0.79761
0.36378 0.59063 -0.72029
0.84216 0.19951
WEIGHTS: None

VERT:
0.07805 -0.01548 0.79761
0.36379 -0.59064 -0.72028
0.84216 0.19951
WEIGHTS: None

VERT:
0.10669 -0.01293 0.79780
-0.16294 -0.81337 -0.55847
0.84216 0.19951
WEIGHTS: None

VERT:
0.04697 0.03996 0.87487
0.30497 0.95192 0.02916
0.84216 0.19951
WEIGHTS: None

VERT:
0.07766 0.01548 0.90857
0.35875 0.59064 0.72281
0.84216 0.19951
WEIGHTS: None

VERT:
0.08399 0.01527 0.87225
0.32480 0.94550 0.02300
0.84216 0.19951
WEIGHTS: None

VERT:
0.10630 0.01293 0.90858
-0.11617 0.78046 0.61432
0.84216 0.19951
WEIGHTS: None

VERT:
0.10644 0.01305 0.87165
0.08396 0.99647 0.00174
0.84216 0.19951
WEIGHTS: None

VERT:
0.07766 -0.01548 0.90857
0.35874 -0.59063 0.72281
0.84216 0.19951
WEIGHTS: None

VERT:
0.04713 -0.03996 0.83109
0.30516 -0.95192 -0.02701
0.84216 0.19951
WEIGHTS: None

VERT:
0.08413 -0.01527 0.83397
0.32497 -0.94550 -0.02069
0.84216 0.19951
WEIGHTS: None

VERT:
0.10657 -0.01304 0.83473
0.08394 -0.99647 -0.00109
0.84216 0.19951
WEIGHTS: None

VERT:
0.23115 -0.00596 0.81191
0.11778 -0.99294 -0.01442
0.84875 0.48645
WEIGHTS: None

VERT:
0.23542 -0.00000 0.68375
0.91092 0.00000 -0.41258
0.84875 0.48645
WEIGHTS: None

VERT:
0.26694 -0.00000 0.81391
0.99448 0.00000 -0.10490
0.84875 0.48645
WEIGHTS: None

VERT:
0.23066 0.00598 0.89530
0.11795 0.99285 0.01823
0.84875 0.48645
WEIGHTS: None

VERT:
0.24270 -0.00000 0.97438
0.90666 0.00000 0.42186
0.84875 0.48645
WEIGHTS: None

VERT:
0.26681 -0.00000 0.89365
0.99148 0.00000 0.13022
0.84875 0.48645
WEIGHTS: None

VERT:
-0.23277 0.00596 0.81028
-0.11767 0.99294 -0.01525
0.84875 0.48645
WEIGHTS: None

VERT:
-0.26856 -0.00000 0.81202
-0.99372 -0.00000 -0.11191
0.84875 0.48645
WEIGHTS: None

VERT:
-0.16780 -0.00000 1.05961
0.33517 0.00000 0.94216
0.84216 0.19951
WEIGHTS: None

VERT:
0.17453 0.00829 0.98161
-0.57588 0.80221 0.15758
0.84216 0.19951
WEIGHTS: None

VERT:
0.17453 -0.00829 0.98161
-0.57588 -0.80220 0.15758
0.84216 0.19951
WEIGHTS: None

VERT:
0.16443 -0.00000 1.06078
-0.34180 0.00000 0.93977
0.84216 0.19951
WEIGHTS: None

VERT:
-0.23287 -0.00598 0.89367
-0.11807 -0.99285 0.01740
0.84875 0.48645
WEIGHTS: None

VERT:
-0.24546 -0.00000 0.97266
-0.90961 -0.00000 0.41546
0.84875 0.48645
WEIGHTS: None

VERT:
-0.26900 -0.00000 0.89176
-0.99238 -0.00000 0.12324
0.84875 0.48645
WEIGHTS: None

VERT:
0.16939 0.00830 0.67607
-0.60180 0.79791 -0.03429
0.84216 0.19951
WEIGHTS: None

VERT:
0.14642 -0.00000 0.59678
-0.45140 0.00000 -0.89232
0.84216 0.19951
WEIGHTS: None

VERT:
-0.20996 0.00608 0.97608
-0.12908 0.98787 0.08634
0.84216 0.19951
WEIGHTS: None

VERT:
-0.20996 -0.00608 0.97608
-0.12908 -0.98787 0.08634
0.84875 0.48645
WEIGHTS: None

VERT:
-0.16780 -0.00000 1.05961
0.33517 0.00000 0.94216
0.84875 0.48645
WEIGHTS: None

VERT:
0.20718 0.00608 0.97755
0.12847 0.98787 0.08724
0.84216 0.19951
WEIGHTS: None

VERT:
0.20055 0.00610 0.68038
0.13572 0.98591 -0.09779
0.84216 0.19951
WEIGHTS: None

VERT:
0.20055 -0.00610 0.68038
0.13572 -0.98591 -0.09779
0.84875 0.48645
WEIGHTS: None

VERT:
0.14642 -0.00000 0.59678
-0.45140 0.00000 -0.89232
0.84875 0.48645
WEIGHTS: None

VERT:
-0.20124 -0.00610 0.67897
-0.13502 -0.98591 -0.09874
0.84216 0.19951
WEIGHTS: None

VERT:
0.20718 -0.00608 0.97755
0.12847 -0.98787 0.08724
0.84216 0.19951
WEIGHTS: None

VERT:
-0.20124 0.00610 0.67897
-0.13502 0.98591 -0.09874
0.84875 0.48645
WEIGHTS: None

VERT:
-0.14652 -0.00000 0.59575
0.45767 0.00000 -0.88912
0.84875 0.48645
WEIGHTS: None

VERT:
-0.15791 -0.00929 0.74299
0.54254 -0.78636 -0.29543
0.84216 0.19951
WEIGHTS: None

VERT:
0.10630 -0.01293 0.90858
-0.11616 -0.78048 0.61429
0.84216 0.19951
WEIGHTS: None

VERT:
0.15607 -0.00931 0.94231
-0.45542 -0.77920 0.43063
0.84216 0.19951
WEIGHTS: None

VERT:
-0.23287 0.00598 0.89367
-0.11807 0.99285 0.01740
0.84875 0.48645
WEIGHTS: None

VERT:
-0.20996 0.00608 0.97608
-0.12908 0.98787 0.08634
0.84875 0.48645
WEIGHTS: None

VERT:
0.23115 0.00596 0.81191
0.11778 0.99294 -0.01442
0.84875 0.48645
WEIGHTS: None

VERT:
0.20055 0.00610 0.68038
0.13572 0.98591 -0.09779
0.84875 0.48645
WEIGHTS: None

VERT:
0.23066 -0.00598 0.89530
0.11795 -0.99285 0.01823
0.84875 0.48645
WEIGHTS: None

VERT:
0.20718 -0.00608 0.97755
0.12847 -0.98787 0.08724
0.84875 0.48645
WEIGHTS: None

VERT:
0.08399 -0.01527 0.87225
0.32480 -0.94550 0.02300
0.84216 0.19951
WEIGHTS: None

VERT:
0.10644 -0.01305 0.87165
0.08396 -0.99647 0.00174
0.84216 0.19951
WEIGHTS: None

VERT:
0.08413 0.01527 0.83397
0.32497 0.94550 -0.02069
0.84216 0.19951
WEIGHTS: None

VERT:
0.10669 0.01293 0.79780
-0.16293 0.81339 -0.55844
0.84216 0.19951
WEIGHTS: None

VERT:
0.10657 0.01304 0.83473
0.08394 0.99647 -0.00109
0.84216 0.19951
WEIGHTS: None

VERT:
-0.08604 0.01527 0.87165
-0.32495 0.94550 0.02071
0.84216 0.19951
WEIGHTS: None

VERT:
-0.10860 0.01293 0.90782
0.11184 0.78047 0.61511
0.84216 0.19951
WEIGHTS: None

VERT:
-0.10848 0.01305 0.87090
-0.08397 0.99647 0.00115
0.84216 0.19951
WEIGHTS: None

VERT:
-0.04904 0.03996 0.87453
-0.30517 0.95192 0.02701
0.84216 0.19951
WEIGHTS: None

VERT:
-0.08590 -0.01527 0.83337
-0.32481 -0.94550 -0.02298
0.84216 0.19951
WEIGHTS: None

VERT:
-0.10821 -0.01293 0.79704
0.16687 -0.81338 -0.55729
0.84216 0.19951
WEIGHTS: None

VERT:
-0.10835 -0.01304 0.83397
-0.08393 -0.99647 -0.00168
0.84216 0.19951
WEIGHTS: None

VERT:
-0.04888 -0.03996 0.83075
-0.30497 -0.95192 -0.02916
0.84216 0.19951
WEIGHTS: None

VERT:
-0.19499 -0.00827 0.80940
-0.04814 -0.99883 -0.00475
0.84216 0.19951
WEIGHTS: None

VERT:
-0.16104 -0.00936 0.81622
-0.05028 -0.99873 -0.00161
0.84216 0.19951
WEIGHTS: None

VERT:
0.19338 0.00827 0.81077
0.04818 0.99883 -0.00441
0.84216 0.19951
WEIGHTS: None

VERT:
0.15938 0.00936 0.81735
0.05029 0.99873 -0.00126
0.84216 0.19951
WEIGHTS: None

VERT:
0.19308 -0.00828 0.89622
0.04828 -0.99882 0.00569
0.84216 0.19951
WEIGHTS: None

VERT:
0.15913 -0.00935 0.88940
0.05010 -0.99874 0.00190
0.84216 0.19951
WEIGHTS: None

VERT:
-0.15860 0.00931 0.94120
0.45239 0.77919 0.43383
0.84216 0.19951
WEIGHTS: None

VERT:
-0.19529 0.00828 0.89485
-0.04832 0.99882 0.00535
0.84216 0.19951
WEIGHTS: None

VERT:
-0.16129 0.00935 0.88828
-0.05011 0.99874 0.00155
0.84216 0.19951
WEIGHTS: None

VERT:
-0.23287 0.00598 0.89367
-0.11807 0.99285 0.01740
0.84216 0.19951
WEIGHTS: None

VERT:
-0.20124 0.00610 0.67897
-0.13502 0.98591 -0.09874
0.84216 0.19951
WEIGHTS: None

VERT:
-0.23277 0.00596 0.81028
-0.11767 0.99294 -0.01525
0.84216 0.19951
WEIGHTS: None

VERT:
0.23066 0.00598 0.89530
0.11795 0.99285 0.01823
0.84216 0.19951
WEIGHTS: None

VERT:
0.23115 0.00596 0.81191
0.11778 0.99294 -0.01442
0.84216 0.19951
WEIGHTS: None

VERT:
0.23066 -0.00598 0.89530
0.11795 -0.99285 0.01823
0.84216 0.19951
WEIGHTS: None

VERT:
0.20055 -0.00610 0.68038
0.13572 -0.98591 -0.09779
0.84216 0.19951
WEIGHTS: None

VERT:
0.23115 -0.00596 0.81191
0.11778 -0.99294 -0.01442
0.84216 0.19951
WEIGHTS: None

VERT:
-0.23287 -0.00598 0.89367
-0.11807 -0.99285 0.01740
0.84216 0.19951
WEIGHTS: None

VERT:
-0.23277 -0.00596 0.81028
-0.11767 -0.99294 -0.01525
0.84216 0.19951
WEIGHTS: None

VERT:
-0.20996 -0.00608 0.97608
-0.12908 -0.98787 0.08634
0.84216 0.19951
WEIGHTS: None

VERT:
0.20718 0.00608 0.97755
0.12847 0.98787 0.08724
0.84875 0.48645
WEIGHTS: None

VERT:
0.16443 -0.00000 1.06078
-0.34180 0.00000 0.93977
0.84875 0.48645
WEIGHTS: None

INDEX_COUNT: 828
0 1 2 3 4 5 6 1 7 8 9 10 11 12 13 14 15 16 17 16 18 19 18 11 20 11 15 21 22 23 24 8 21 23 25 26 26 27 24 28 29 30 1 31 2 6 31 32 0 31 33 34 35 36 37 34 36 30 34 38 28 36 35 39 40 41 42 43 44 41 43 45 39 44 46 46 47 40 44 48 49 40 48 43 44 50 46 47 51 52 48 53 49 47 54 48 49 51 50 55 56 57 58 59 60 61 62 63 64 65 66 60 67 68 69 70 71 64 72 73 9 74 75 75 76 77 16 78 18 79 80 78 27 81 74 81 76 74 12 78 82 82 80 83 15 84 85 84 86 85 87 88 89 89 90 91 22 92 88 92 90 88 93 85 94 94 86 95 96 97 98 99 100 101 102 4 103 66 65 104 105 106 107 108 109 110 59 111 112 51 37 52 54 30 53 52 28 54 51 30 38 108 103 3 65 113 104 109 114 115 105 107 116 112 111 117 97 118 119 57 56 120 106 121 107 4 122 123 124 55 61 69 125 126 127 109 128 127 103 110 129 97 130 99 98 129 131 100 132 131 98 101 133 125 92 133 95 134 10 92 8 10 94 133 135 136 84 89 137 135 13 84 11 87 135 13 138 139 81 138 83 140 141 81 25 141 82 138 142 143 79 75 144 142 145 79 16 9 142 145 124 146 56 73 146 147 58 148 111 71 148 149 126 150 106 151 67 150 152 153 65 154 62 153 22 141 25 13 141 87 93 16 15 10 145 93 134 68 151 125 151 126 91 149 137 136 149 58 105 126 106 90 71 91 86 68 95 136 60 86 140 63 154 139 154 152 77 147 144 143 147 124 80 124 61 76 73 77 76 152 64 80 63 83 62 155 153 153 113 65 62 156 157 148 158 159 148 117 111 70 116 158 67 160 150 150 121 106 67 161 162 146 163 164 72 165 163 146 120 56 130 97 119 166 167 100 115 128 109 57 156 55 112 161 59 5 4 123 104 165 66 167 132 100 0 7 1 3 103 4 6 32 1 8 27 9 11 18 12 14 20 15 17 14 16 19 17 18 20 19 11 21 8 22 24 27 8 23 22 25 26 25 27 28 35 29 1 32 31 6 33 31 0 2 31 34 29 35 37 38 34 30 29 34 28 37 36 39 46 40 42 45 43 41 40 43 39 42 44 46 50 47 44 43 48 40 47 48 44 49 50 47 50 51 48 54 53 47 52 54 49 53 51 58 111 59 61 55 62 64 152 65 60 59 67 69 105 70 64 66 72 9 27 74 75 74 76 16 79 78 79 143 80 27 25 81 81 139 76 12 18 78 82 78 80 15 11 84 84 136 86 87 22 88 89 88 90 22 8 92 92 125 90 93 15 85 94 85 86 96 118 97 99 166 100 102 122 4 108 114 109 51 38 37 54 28 30 52 37 28 51 53 30 108 110 103 124 56 55 69 90 125 127 110 109 127 102 103 129 98 97 99 101 98 131 101 100 131 96 98 133 134 125 133 94 95 10 133 92 10 93 94 135 137 136 89 91 137 13 135 84 87 89 135 138 140 139 138 82 83 141 138 81 141 12 82 142 144 143 75 77 144 145 142 79 9 75 142 124 147 146 73 72 146 58 149 148 71 70 148 126 151 150 151 68 67 152 154 153 154 63 62 22 87 141 13 12 141 93 145 16 10 9 145 134 95 68 125 134 151 91 71 149 136 137 149 105 69 126 90 69 71 86 60 68 136 58 60 140 83 63 139 140 154 77 73 147 143 144 147 80 143 124 76 64 73 76 139 152 80 61 63 62 157 155 153 155 113 62 55 156 148 70 158 148 159 117 70 105 116 67 162 160 150 160 121 67 59 161 146 72 163 72 66 165 146 164 120 
