TEXTURE_DIFFUSE: fire_staff_diffuse.png
MATERIAL_COLOR 0: 0.800000 0.800000 0.800000 1.000000
MESH_NAME: Staff_Cylinder
VERTEX_COUNT: 766
VERT:
-0.01450 0.99990 0.03566
-0.39498 -0.03344 0.91808
0.15429 0.99909
WEIGHTS: None

VERT:
-0.00133 0.52214 0.02392
-0.39498 -0.03344 0.91808
0.13274 0.79962
WEIGHTS: None

VERT:
0.03050 0.52258 0.03763
-0.39498 -0.03344 0.91808
0.12061 0.80105
WEIGHTS: None

VERT:
-0.03964 0.99954 0.02483
-0.92639 -0.07504 0.36900
0.37548 1.00000
WEIGHTS: None

VERT:
-0.01414 0.52195 -0.00828
-0.92639 -0.07504 0.36900
0.38020 0.79958
WEIGHTS: None

VERT:
-0.00133 0.52214 0.02392
-0.92639 -0.07504 0.36900
0.36579 0.80013
WEIGHTS: None

VERT:
-0.01414 0.52195 -0.00828
-0.91655 -0.06201 -0.39509
0.38020 0.79958
WEIGHTS: None

VERT:
-0.03893 0.99955 -0.02573
-0.91655 -0.06201 -0.39509
0.39596 0.99948
WEIGHTS: None

VERT:
-0.00043 0.52214 -0.04011
-0.91655 -0.06201 -0.39509
0.39172 0.79947
WEIGHTS: None

VERT:
-0.00043 0.52214 -0.04011
-0.36972 -0.00184 -0.92914
0.19003 0.20087
WEIGHTS: None

VERT:
-0.01350 0.99990 -0.03585
-0.36972 -0.00184 -0.92914
0.17673 0.00085
WEIGHTS: None

VERT:
0.03177 0.52259 -0.05292
-0.36972 -0.00184 -0.92914
0.17575 0.20194
WEIGHTS: None

VERT:
0.03177 0.52259 -0.05292
0.39382 0.07013 -0.91651
0.17575 0.20194
WEIGHTS: None

VERT:
0.01163 1.00026 -0.02503
0.39382 0.07013 -0.91651
0.16735 0.00183
WEIGHTS: None

VERT:
0.06359 0.52304 -0.03921
0.39382 0.07013 -0.91651
0.16387 0.20319
WEIGHTS: None

VERT:
0.06359 0.52304 -0.03921
0.92315 0.11146 -0.36793
0.42189 0.41376
WEIGHTS: None

VERT:
0.02175 1.00040 0.00040
0.92315 0.11146 -0.36793
0.40835 0.21449
WEIGHTS: None

VERT:
0.07641 0.52322 -0.00701
0.92315 0.11146 -0.36793
0.40745 0.41375
WEIGHTS: None

VERT:
0.01092 1.00025 0.02554
0.36900 0.03864 0.92863
0.14309 1.00000
WEIGHTS: None

VERT:
0.03050 0.52258 0.03763
0.36900 0.03864 0.92863
0.12061 0.80105
WEIGHTS: None

VERT:
0.06270 0.52303 0.02482
0.36900 0.03864 0.92863
0.10643 0.80220
WEIGHTS: None

VERT:
0.02175 1.00040 0.00040
0.91376 0.09855 0.39411
0.40835 0.21449
WEIGHTS: None

VERT:
0.06270 0.52303 0.02482
0.91376 0.09855 0.39411
0.39596 0.41428
WEIGHTS: None

VERT:
0.07641 0.52322 -0.00701
0.91376 0.09855 0.39411
0.40745 0.41375
WEIGHTS: None

VERT:
0.10491 -0.87490 0.02718
0.81758 0.45352 0.35479
0.27850 0.55521
WEIGHTS: None

VERT:
0.04123 -0.76191 0.02948
0.81758 0.45352 0.35479
0.27933 0.51157
WEIGHTS: None

VERT:
0.07702 -0.87528 0.09193
0.81758 0.45352 0.35479
0.24966 0.54918
WEIGHTS: None

VERT:
0.07702 -0.87528 0.09193
0.30672 0.53170 0.78944
0.06062 0.21869
WEIGHTS: None

VERT:
0.01009 -0.76234 0.04187
0.30672 0.53170 0.78944
0.08824 0.26306
WEIGHTS: None

VERT:
0.01153 -0.87620 0.11799
0.30672 0.53170 0.78944
0.08947 0.21634
WEIGHTS: None

VERT:
0.07885 -0.87527 -0.03832
0.88432 0.30491 -0.35356
0.42532 1.00000
WEIGHTS: None

VERT:
0.05449 -0.76172 -0.00131
0.88432 0.30491 -0.35356
0.41241 0.95303
WEIGHTS: None

VERT:
0.10491 -0.87490 0.02718
0.88432 0.30491 -0.35356
0.39596 0.99997
WEIGHTS: None

VERT:
0.01336 -0.87618 -0.06621
0.38400 0.17138 -0.90729
0.23779 0.78516
WEIGHTS: None

VERT:
0.04210 -0.76190 -0.03246
0.38400 0.17138 -0.90729
0.22434 0.73889
WEIGHTS: None

VERT:
0.07885 -0.87527 -0.03832
0.38400 0.17138 -0.90729
0.21332 0.78774
WEIGHTS: None

VERT:
-0.01983 -0.76277 -0.03333
-0.37067 0.15695 -0.91541
0.24964 0.73664
WEIGHTS: None

VERT:
0.01336 -0.87618 -0.06621
-0.37067 0.15695 -0.91541
0.23779 0.78516
WEIGHTS: None

VERT:
-0.05139 -0.87709 -0.04014
-0.37067 0.15695 -0.91541
0.26653 0.78301
WEIGHTS: None

VERT:
-0.03308 -0.76295 -0.00254
-0.88563 0.26719 -0.37982
0.36344 0.26045
WEIGHTS: None

VERT:
-0.05139 -0.87709 -0.04014
-0.88563 0.26719 -0.37982
0.37918 0.21198
WEIGHTS: None

VERT:
-0.07928 -0.87748 0.02460
-0.88563 0.26719 -0.37982
0.35574 0.21221
WEIGHTS: None

VERT:
-0.02069 -0.76277 0.02861
-0.84425 0.41955 0.33351
0.34950 0.26098
WEIGHTS: None

VERT:
-0.07928 -0.87748 0.02460
-0.84425 0.41955 0.33351
0.35574 0.21221
WEIGHTS: None

VERT:
-0.05322 -0.87710 0.09011
-0.84425 0.41955 0.33351
0.32641 0.21332
WEIGHTS: None

VERT:
0.01009 -0.76234 0.04187
-0.34433 0.51883 0.78246
0.08824 0.26306
WEIGHTS: None

VERT:
-0.05322 -0.87710 0.09011
-0.34433 0.51883 0.78246
0.11413 0.21343
WEIGHTS: None

VERT:
0.01153 -0.87620 0.11799
-0.34433 0.51883 0.78246
0.08947 0.21634
WEIGHTS: None

VERT:
0.01814 -0.50226 -0.01215
0.90860 0.14370 0.39216
0.41964 0.84467
WEIGHTS: None

VERT:
0.04123 -0.76191 0.02948
0.90860 0.14370 0.39216
0.40130 0.95355
WEIGHTS: None

VERT:
0.05449 -0.76172 -0.00131
0.90860 0.14370 0.39216
0.41241 0.95303
WEIGHTS: None

VERT:
0.00488 -0.50244 0.01864
0.36715 0.09012 0.92579
0.09704 0.37131
WEIGHTS: None

VERT:
0.01009 -0.76234 0.04187
0.36715 0.09012 0.92579
0.08824 0.26306
WEIGHTS: None

VERT:
0.04123 -0.76191 0.02948
0.36715 0.09012 0.92579
0.07453 0.26417
WEIGHTS: None

VERT:
0.04210 -0.76190 -0.03246
0.92289 0.11395 -0.36782
0.42637 0.95305
WEIGHTS: None

VERT:
0.01814 -0.50226 -0.01215
0.92289 0.11395 -0.36782
0.41964 0.84467
WEIGHTS: None

VERT:
0.05449 -0.76172 -0.00131
0.92289 0.11395 -0.36782
0.41241 0.95303
WEIGHTS: None

VERT:
0.01132 -0.76233 -0.04572
0.39534 0.01703 -0.91838
0.23583 0.73769
WEIGHTS: None

VERT:
0.00574 -0.50243 -0.04330
0.39534 0.01703 -0.91838
0.22798 0.62894
WEIGHTS: None

VERT:
0.04210 -0.76190 -0.03246
0.39534 0.01703 -0.91838
0.22434 0.73889
WEIGHTS: None

VERT:
-0.01983 -0.76277 -0.03333
-0.36715 -0.09012 -0.92579
0.24964 0.73664
WEIGHTS: None

VERT:
-0.02504 -0.50287 -0.05656
-0.36715 -0.09012 -0.92579
0.23947 0.62773
WEIGHTS: None

VERT:
0.01132 -0.76233 -0.04572
-0.36715 -0.09012 -0.92579
0.23583 0.73769
WEIGHTS: None

VERT:
-0.03308 -0.76295 -0.00254
-0.90860 -0.14370 -0.39218
0.36344 0.26045
WEIGHTS: None

VERT:
-0.05618 -0.50330 -0.04416
-0.90860 -0.14370 -0.39218
0.38608 0.36869
WEIGHTS: None

VERT:
-0.01983 -0.76277 -0.03333
-0.90860 -0.14370 -0.39218
0.37459 0.26035
WEIGHTS: None

VERT:
-0.05705 -0.50331 0.01777
-0.92287 -0.11395 0.36786
0.36099 0.36933
WEIGHTS: None

VERT:
-0.03308 -0.76295 -0.00254
-0.92287 -0.11395 0.36786
0.36344 0.26045
WEIGHTS: None

VERT:
-0.02069 -0.76277 0.02861
-0.92287 -0.11395 0.36786
0.34950 0.26098
WEIGHTS: None

VERT:
-0.02627 -0.50287 0.03103
-0.39534 -0.01704 0.91837
0.11075 0.37020
WEIGHTS: None

VERT:
-0.02069 -0.76277 0.02861
-0.39534 -0.01704 0.91837
0.09997 0.26167
WEIGHTS: None

VERT:
0.01009 -0.76234 0.04187
-0.39534 -0.01704 0.91837
0.08824 0.26306
WEIGHTS: None

VERT:
0.03314 -0.02378 0.01597
0.91732 -0.05196 0.39474
0.40479 0.64399
WEIGHTS: None

VERT:
0.00488 -0.50244 0.01864
0.91732 -0.05196 0.39474
0.40853 0.84519
WEIGHTS: None

VERT:
0.01814 -0.50226 -0.01215
0.91732 -0.05196 0.39474
0.41964 0.84467
WEIGHTS: None

VERT:
0.00488 -0.50244 0.01864
0.36984 -0.05394 0.92753
0.09704 0.37131
WEIGHTS: None

VERT:
-0.00034 -0.02425 0.04853
0.36984 -0.05394 0.92753
0.11662 0.57144
WEIGHTS: None

VERT:
-0.02627 -0.50287 0.03103
0.36984 -0.05394 0.92753
0.11075 0.37020
WEIGHTS: None

VERT:
0.02380 -0.02392 -0.00752
0.92915 -0.00742 -0.36964
0.41532 0.64400
WEIGHTS: None

VERT:
0.01814 -0.50226 -0.01215
0.92915 -0.00742 -0.36964
0.41964 0.84467
WEIGHTS: None

VERT:
0.00574 -0.50243 -0.04330
0.92915 -0.00742 -0.36964
0.43360 0.84468
WEIGHTS: None

VERT:
0.00058 -0.02424 -0.01752
0.39438 0.05371 -0.91737
0.21326 0.42923
WEIGHTS: None

VERT:
0.00574 -0.50243 -0.04330
0.39438 0.05371 -0.91737
0.22798 0.62894
WEIGHTS: None

VERT:
-0.02504 -0.50287 -0.05656
0.39438 0.05371 -0.91737
0.23947 0.62773
WEIGHTS: None

VERT:
-0.02290 -0.02457 -0.00817
-0.36921 0.09517 -0.92446
0.22367 0.42844
WEIGHTS: None

VERT:
-0.02504 -0.50287 -0.05656
-0.36921 0.09517 -0.92446
0.23947 0.62773
WEIGHTS: None

VERT:
-0.05618 -0.50330 -0.04416
-0.36921 0.09517 -0.92446
0.25328 0.62669
WEIGHTS: None

VERT:
-0.06944 -0.50348 -0.01338
-0.91465 0.09317 -0.39336
0.37493 0.36879
WEIGHTS: None

VERT:
-0.02290 -0.02457 -0.00817
-0.91465 0.09317 -0.39336
0.37410 0.57024
WEIGHTS: None

VERT:
-0.05618 -0.50330 -0.04416
-0.91465 0.09317 -0.39336
0.38608 0.36869
WEIGHTS: None

VERT:
-0.05705 -0.50331 0.01777
-0.92814 0.04895 0.36899
0.36099 0.36933
WEIGHTS: None

VERT:
-0.03290 -0.02471 0.01504
-0.92814 0.04895 0.36899
0.36570 0.57032
WEIGHTS: None

VERT:
-0.06944 -0.50348 -0.01338
-0.92814 0.04895 0.36899
0.37493 0.36879
WEIGHTS: None

VERT:
-0.02627 -0.50287 0.03103
-0.39543 -0.01215 0.91842
0.11075 0.37020
WEIGHTS: None

VERT:
-0.02355 -0.02457 0.03853
-0.39543 -0.01215 0.91842
0.12547 0.57039
WEIGHTS: None

VERT:
-0.05705 -0.50331 0.01777
-0.39543 -0.01215 0.91842
0.12248 0.36881
WEIGHTS: None

VERT:
0.03314 -0.02378 0.01597
0.91714 -0.05596 0.39462
0.40479 0.64399
WEIGHTS: None

VERT:
0.06270 0.52303 0.02482
0.91714 -0.05596 0.39462
0.39596 0.41428
WEIGHTS: None

VERT:
0.02314 -0.02392 0.03918
0.91714 -0.05596 0.39462
0.39641 0.64438
WEIGHTS: None

VERT:
0.02314 -0.02392 0.03918
0.36976 -0.00235 0.92912
0.10628 0.57228
WEIGHTS: None

VERT:
0.03050 0.52258 0.03763
0.36976 -0.00235 0.92912
0.12061 0.80105
WEIGHTS: None

VERT:
-0.00034 -0.02425 0.04853
0.36976 -0.00235 0.92912
0.11662 0.57144
WEIGHTS: None

VERT:
0.02380 -0.02392 -0.00752
0.92568 -0.08866 -0.36778
0.41532 0.64400
WEIGHTS: None

VERT:
0.07641 0.52322 -0.00701
0.92568 -0.08866 -0.36778
0.40745 0.41375
WEIGHTS: None

VERT:
0.03314 -0.02378 0.01597
0.92568 -0.08866 -0.36778
0.40479 0.64399
WEIGHTS: None

VERT:
0.03177 0.52259 -0.05292
0.39527 -0.08177 -0.91492
0.17575 0.20194
WEIGHTS: None

VERT:
0.02380 -0.02392 -0.00752
0.39527 -0.08177 -0.91492
0.20459 0.43014
WEIGHTS: None

VERT:
0.00058 -0.02424 -0.01752
0.39527 -0.08177 -0.91492
0.21326 0.42923
WEIGHTS: None

VERT:
-0.00043 0.52214 -0.04011
-0.36901 -0.03908 -0.92860
0.19003 0.20087
WEIGHTS: None

VERT:
0.00058 -0.02424 -0.01752
-0.36901 -0.03908 -0.92860
0.21326 0.42923
WEIGHTS: None

VERT:
-0.02290 -0.02457 -0.00817
-0.36901 -0.03908 -0.92860
0.22367 0.42844
WEIGHTS: None

VERT:
-0.01414 0.52195 -0.00828
-0.91839 0.01465 -0.39541
0.38020 0.79958
WEIGHTS: None

VERT:
-0.02290 -0.02457 -0.00817
-0.91839 0.01465 -0.39541
0.37410 0.57024
WEIGHTS: None

VERT:
-0.03290 -0.02471 0.01504
-0.91839 0.01465 -0.39541
0.36570 0.57032
WEIGHTS: None

VERT:
-0.00133 0.52214 0.02392
-0.92820 0.04759 0.36902
0.36579 0.80013
WEIGHTS: None

VERT:
-0.03290 -0.02471 0.01504
-0.92820 0.04759 0.36902
0.36570 0.57032
WEIGHTS: None

VERT:
-0.02355 -0.02457 0.03853
-0.92820 0.04759 0.36902
0.35518 0.57072
WEIGHTS: None

VERT:
-0.00034 -0.02425 0.04853
-0.39578 0.04059 0.91745
0.11662 0.57144
WEIGHTS: None

VERT:
-0.00133 0.52214 0.02392
-0.39578 0.04059 0.91745
0.13274 0.79962
WEIGHTS: None

VERT:
-0.02355 -0.02457 0.03853
-0.39578 0.04059 0.91745
0.12547 0.57039
WEIGHTS: None

VERT:
0.01525 -0.90998 0.12854
-0.42748 0.15176 0.89120
0.08761 0.20246
WEIGHTS: None

VERT:
-0.05322 -0.87710 0.09011
-0.42748 0.15176 0.89120
0.11413 0.21343
WEIGHTS: None

VERT:
-0.05252 -0.93712 0.10066
-0.42748 0.15176 0.89120
0.11269 0.18847
WEIGHTS: None

VERT:
-0.05252 -0.93712 0.10066
-0.20585 0.24204 0.94818
0.11269 0.18847
WEIGHTS: None

VERT:
-0.18497 -1.03738 0.09749
-0.20585 0.24204 0.94818
0.16387 0.14196
WEIGHTS: None

VERT:
-0.13311 -1.04081 0.10963
-0.20585 0.24204 0.94818
0.14324 0.14244
WEIGHTS: None

VERT:
-0.07858 -0.93749 0.03515
0.72330 -0.61812 0.30784
0.19372 0.62608
WEIGHTS: None

VERT:
-0.13302 -1.03872 -0.04021
0.72330 -0.61812 0.30784
0.16214 0.57945
WEIGHTS: None

VERT:
-0.05070 -0.93710 -0.02959
0.72330 -0.61812 0.30784
0.17038 0.62447
WEIGHTS: None

VERT:
-0.05139 -0.87709 -0.04014
-0.31259 -0.16798 -0.93492
0.26653 0.78301
WEIGHTS: None

VERT:
0.01267 -0.90996 -0.05566
-0.31259 -0.16798 -0.93492
0.24031 0.79932
WEIGHTS: None

VERT:
-0.05070 -0.93710 -0.02959
-0.31259 -0.16798 -0.93492
0.26953 0.80817
WEIGHTS: None

VERT:
-0.13417 -1.07077 0.03428
0.99357 0.09768 0.05734
0.19358 0.56897
WEIGHTS: None

VERT:
-0.11358 -1.24918 -0.01854
0.99357 0.09768 0.05734
0.18229 0.49305
WEIGHTS: None

VERT:
-0.13302 -1.03872 -0.04021
0.99357 0.09768 0.05734
0.16214 0.57945
WEIGHTS: None

VERT:
-0.18604 -1.06733 0.02214
-0.98867 -0.13417 0.06727
0.36540 0.13141
WEIGHTS: None

VERT:
-0.15678 -1.25905 0.06978
-0.98867 -0.13417 0.06727
0.34055 0.05180
WEIGHTS: None

VERT:
-0.18497 -1.03738 0.09749
-0.98867 -0.13417 0.06727
0.33503 0.14478
WEIGHTS: None

VERT:
-0.07928 -0.87748 0.02460
-0.85633 0.47905 0.19290
0.35574 0.21221
WEIGHTS: None

VERT:
-0.18489 -1.03528 -0.05234
-0.85633 0.47905 0.19290
0.39596 0.14409
WEIGHTS: None

VERT:
-0.18604 -1.06733 0.02214
-0.85633 0.47905 0.19290
0.36540 0.13141
WEIGHTS: None

VERT:
-0.07858 -0.93749 0.03515
0.91367 -0.38197 0.13895
0.19372 0.62608
WEIGHTS: None

VERT:
-0.13311 -1.04081 0.10963
0.91367 -0.38197 0.13895
0.22284 0.58443
WEIGHTS: None

VERT:
-0.13417 -1.07077 0.03428
0.91367 -0.38197 0.13895
0.19358 0.56897
WEIGHTS: None

VERT:
-0.07928 -0.87748 0.02460
-0.73314 0.61600 0.28819
0.35574 0.21221
WEIGHTS: None

VERT:
-0.18497 -1.03738 0.09749
-0.73314 0.61600 0.28819
0.33503 0.14478
WEIGHTS: None

VERT:
-0.05322 -0.87710 0.09011
-0.73314 0.61600 0.28819
0.32641 0.21332
WEIGHTS: None

VERT:
-0.05070 -0.93710 -0.02959
0.27974 -0.16311 -0.94612
0.26953 0.80817
WEIGHTS: None

VERT:
-0.18489 -1.03528 -0.05234
0.27974 -0.16311 -0.94612
0.32641 0.84336
WEIGHTS: None

VERT:
-0.05139 -0.87709 -0.04014
0.27974 -0.16311 -0.94612
0.26653 0.78301
WEIGHTS: None

VERT:
-0.05252 -0.93712 0.10066
0.44121 -0.86808 -0.22755
0.47242 0.51083
WEIGHTS: None

VERT:
0.01351 -0.88674 0.03649
0.44121 -0.86808 -0.22755
0.45532 0.47857
WEIGHTS: None

VERT:
0.01525 -0.90998 0.12854
0.44121 -0.86808 -0.22755
0.45119 0.51820
WEIGHTS: None

VERT:
0.01351 -0.88674 0.03649
0.45749 -0.86323 0.21342
0.25379 0.33595
WEIGHTS: None

VERT:
-0.05070 -0.93710 -0.02959
0.45749 -0.86323 0.21342
0.26949 0.31458
WEIGHTS: None

VERT:
0.01267 -0.90996 -0.05566
0.45749 -0.86323 0.21342
0.24966 0.29989
WEIGHTS: None

VERT:
-0.15678 -1.25905 0.06978
-0.11703 -0.27441 0.95446
0.14317 0.04992
WEIGHTS: None

VERT:
-0.05018 -1.36202 0.05324
-0.11703 -0.27441 0.95446
0.09473 0.01034
WEIGHTS: None

VERT:
-0.11333 -1.25050 0.07756
-0.11703 -0.27441 0.95446
0.12608 0.05507
WEIGHTS: None

VERT:
-0.11358 -1.24918 -0.01854
0.18199 -0.02982 -0.98285
0.30861 0.93592
WEIGHTS: None

VERT:
-0.06597 -1.38158 -0.00571
0.18199 -0.02982 -0.98285
0.29548 0.99330
WEIGHTS: None

VERT:
-0.15703 -1.25773 -0.02633
0.18199 -0.02982 -0.98285
0.32607 0.93761
WEIGHTS: None

VERT:
-0.13417 -1.07077 0.03428
0.99207 0.12216 0.02957
0.45867 0.95807
WEIGHTS: None

VERT:
-0.11333 -1.25050 0.07756
0.99207 0.12216 0.02957
0.48633 0.88536
WEIGHTS: None

VERT:
-0.10956 -1.26936 0.02923
0.99207 0.12216 0.02957
0.46801 0.87571
WEIGHTS: None

VERT:
-0.18604 -1.06733 0.02214
-0.98776 -0.15496 0.01760
0.36540 0.13141
WEIGHTS: None

VERT:
-0.15703 -1.25773 -0.02633
-0.98776 -0.15496 0.01760
0.37966 0.05134
WEIGHTS: None

VERT:
-0.15301 -1.27791 0.02145
-0.98776 -0.15496 0.01760
0.35957 0.04342
WEIGHTS: None

VERT:
-0.13302 -1.03872 -0.04021
0.22163 -0.08585 -0.97135
0.30636 0.84707
WEIGHTS: None

VERT:
-0.15703 -1.25773 -0.02633
0.22163 -0.08585 -0.97135
0.32607 0.93761
WEIGHTS: None

VERT:
-0.18489 -1.03528 -0.05234
0.22163 -0.08585 -0.97135
0.32641 0.84336
WEIGHTS: None

VERT:
-0.13311 -1.04081 0.10963
-0.14289 -0.16279 0.97626
0.14324 0.14244
WEIGHTS: None

VERT:
-0.15678 -1.25905 0.06978
-0.14289 -0.16279 0.97626
0.14317 0.04992
WEIGHTS: None

VERT:
-0.11333 -1.25050 0.07756
-0.14289 -0.16279 0.97626
0.12608 0.05507
WEIGHTS: None

VERT:
-0.06537 -1.38204 0.04883
0.69947 -0.61210 0.36889
0.22042 0.44158
WEIGHTS: None

VERT:
-0.04147 -1.36860 0.02582
0.69947 -0.61210 0.36889
0.21297 0.44693
WEIGHTS: None

VERT:
-0.05018 -1.36202 0.05324
0.69947 -0.61210 0.36889
0.22288 0.45051
WEIGHTS: None

VERT:
-0.05665 -1.38861 0.02140
0.77183 -0.49850 -0.39468
0.47560 0.82710
WEIGHTS: None

VERT:
-0.05078 -1.36156 -0.00129
0.77183 -0.49850 -0.39468
0.46582 0.83765
WEIGHTS: None

VERT:
-0.04147 -1.36860 0.02582
0.77183 -0.49850 -0.39468
0.47806 0.83603
WEIGHTS: None

VERT:
-0.15301 -1.27791 0.02145
-0.77543 -0.60635 0.17621
0.26820 0.43143
WEIGHTS: None

VERT:
-0.06537 -1.38204 0.04883
-0.77543 -0.60635 0.17621
0.25157 0.38014
WEIGHTS: None

VERT:
-0.15678 -1.25905 0.06978
-0.77543 -0.60635 0.17621
0.24966 0.43625
WEIGHTS: None

VERT:
-0.10956 -1.26936 0.02923
0.85524 0.49926 0.13898
0.24966 0.25810
WEIGHTS: None

VERT:
-0.05078 -1.36156 -0.00129
0.85524 0.49926 0.13898
0.26786 0.29148
WEIGHTS: None

VERT:
-0.11358 -1.24918 -0.01854
0.85524 0.49926 0.13898
0.26786 0.24612
WEIGHTS: None

VERT:
-0.10956 -1.26936 0.02923
0.81992 0.55830 0.12663
0.20292 0.48661
WEIGHTS: None

VERT:
-0.05018 -1.36202 0.05324
0.81992 0.55830 0.12663
0.22288 0.45051
WEIGHTS: None

VERT:
-0.04147 -1.36860 0.02582
0.81992 0.55830 0.12663
0.21297 0.44693
WEIGHTS: None

VERT:
-0.15301 -1.27791 0.02145
-0.75131 -0.65399 0.08845
0.26820 0.43143
WEIGHTS: None

VERT:
-0.06597 -1.38158 -0.00571
-0.75131 -0.65399 0.08845
0.27402 0.38027
WEIGHTS: None

VERT:
-0.05665 -1.38861 0.02140
-0.75131 -0.65399 0.08845
0.26261 0.37559
WEIGHTS: None

VERT:
0.10491 -0.87490 0.02718
0.72196 0.62786 -0.29080
0.27850 0.55521
WEIGHTS: None

VERT:
0.21236 -1.03528 -0.05234
0.72196 0.62786 -0.29080
0.30955 0.61841
WEIGHTS: None

VERT:
0.07885 -0.87527 -0.03832
0.72196 0.62786 -0.29080
0.30179 0.54109
WEIGHTS: None

VERT:
0.21236 -1.03528 -0.05234
-0.25894 -0.13221 -0.95680
0.16387 0.86007
WEIGHTS: None

VERT:
0.07817 -0.93710 -0.02959
-0.25894 -0.13221 -0.95680
0.21680 0.81359
WEIGHTS: None

VERT:
0.07885 -0.87527 -0.03832
-0.25894 -0.13221 -0.95680
0.21332 0.78774
WEIGHTS: None

VERT:
0.16049 -1.03872 -0.04021
-0.72331 -0.61812 0.30783
0.39749 0.06617
WEIGHTS: None

VERT:
0.10605 -0.93749 0.03515
-0.72331 -0.61812 0.30783
0.42513 0.02593
WEIGHTS: None

VERT:
0.07817 -0.93710 -0.02959
-0.72331 -0.61812 0.30783
0.39596 0.02397
WEIGHTS: None

VERT:
0.14105 -1.24918 -0.01854
-0.99357 0.09768 0.05734
0.39856 0.15493
WEIGHTS: None

VERT:
0.16164 -1.07077 0.03428
-0.99357 0.09768 0.05734
0.42696 0.08169
WEIGHTS: None

VERT:
0.16049 -1.03872 -0.04021
-0.99357 0.09768 0.05734
0.39749 0.06617
WEIGHTS: None

VERT:
0.18425 -1.25905 0.06978
0.98867 -0.13417 0.06727
0.21112 0.34437
WEIGHTS: None

VERT:
0.21350 -1.06733 0.02214
0.98867 -0.13417 0.06727
0.19286 0.42502
WEIGHTS: None

VERT:
0.21244 -1.03738 0.09749
0.98867 -0.13417 0.06727
0.22306 0.43800
WEIGHTS: None

VERT:
0.10605 -0.93749 0.03515
-0.74275 -0.60249 -0.29210
0.42513 0.02593
WEIGHTS: None

VERT:
0.16058 -1.04081 0.10963
-0.74275 -0.60249 -0.29210
0.45823 0.07126
WEIGHTS: None

VERT:
0.07999 -0.93712 0.10066
-0.74275 -0.60249 -0.29210
0.44900 0.02764
WEIGHTS: None

VERT:
0.07999 -0.93712 0.10066
0.13301 0.14479 0.98048
0.05805 0.19303
WEIGHTS: None

VERT:
0.21244 -1.03738 0.09749
0.13301 0.14479 0.98048
0.00000 0.15562
WEIGHTS: None

VERT:
0.07702 -0.87528 0.09193
0.13301 0.14479 0.98048
0.06062 0.21869
WEIGHTS: None

VERT:
0.01267 -0.90996 -0.05566
0.31716 -0.13596 -0.93858
0.24031 0.79932
WEIGHTS: None

VERT:
0.07885 -0.87527 -0.03832
0.31716 -0.13596 -0.93858
0.21332 0.78774
WEIGHTS: None

VERT:
0.07817 -0.93710 -0.02959
0.31716 -0.13596 -0.93858
0.21680 0.81359
WEIGHTS: None

VERT:
0.07764 -1.36202 0.05324
0.11703 -0.27441 0.95446
0.04203 0.01473
WEIGHTS: None

VERT:
0.18425 -1.25905 0.06978
0.11703 -0.27441 0.95446
0.00255 0.06164
WEIGHTS: None

VERT:
0.14080 -1.25050 0.07756
0.11703 -0.27441 0.95446
0.02130 0.06381
WEIGHTS: None

VERT:
0.09344 -1.38158 -0.00571
-0.18199 -0.02982 -0.98285
0.23025 1.00000
WEIGHTS: None

VERT:
0.14105 -1.24918 -0.01854
-0.18199 -0.02982 -0.98285
0.20442 0.94663
WEIGHTS: None

VERT:
0.18450 -1.25773 -0.02633
-0.18199 -0.02982 -0.98285
0.18632 0.95197
WEIGHTS: None

VERT:
0.16164 -1.07077 0.03428
-0.99328 0.10204 -0.05456
0.42696 0.08169
WEIGHTS: None

VERT:
0.14080 -1.25050 0.07756
-0.99328 0.10204 -0.05456
0.43748 0.15819
WEIGHTS: None

VERT:
0.16058 -1.04081 0.10963
-0.99328 0.10204 -0.05456
0.45823 0.07126
WEIGHTS: None

VERT:
0.21350 -1.06733 0.02214
0.98859 -0.13224 -0.07213
0.48895 0.79552
WEIGHTS: None

VERT:
0.18450 -1.25773 -0.02633
0.98859 -0.13224 -0.07213
0.46817 0.71486
WEIGHTS: None

VERT:
0.21236 -1.03528 -0.05234
0.98859 -0.13224 -0.07213
0.45823 0.80849
WEIGHTS: None

VERT:
0.18450 -1.25773 -0.02633
-0.22163 -0.08585 -0.97135
0.18632 0.95197
WEIGHTS: None

VERT:
0.16049 -1.03872 -0.04021
-0.22163 -0.08585 -0.97135
0.18626 0.85941
WEIGHTS: None

VERT:
0.21236 -1.03528 -0.05234
-0.22163 -0.08585 -0.97135
0.16387 0.86007
WEIGHTS: None

VERT:
0.16058 -1.04081 0.10963
0.23471 -0.14994 0.96043
0.02215 0.15253
WEIGHTS: None

VERT:
0.18425 -1.25905 0.06978
0.23471 -0.14994 0.96043
0.00255 0.06164
WEIGHTS: None

VERT:
0.21244 -1.03738 0.09749
0.23471 -0.14994 0.96043
0.00000 0.15562
WEIGHTS: None

VERT:
0.06893 -1.36860 0.02582
-0.69947 -0.61210 0.36889
0.40580 0.20624
WEIGHTS: None

VERT:
0.09283 -1.38204 0.04883
-0.69947 -0.61210 0.36889
0.41726 0.21250
WEIGHTS: None

VERT:
0.07764 -1.36202 0.05324
-0.69947 -0.61210 0.36889
0.41801 0.20425
WEIGHTS: None

VERT:
0.07825 -1.36156 -0.00129
-0.77183 -0.49850 -0.39468
0.46011 0.37651
WEIGHTS: None

VERT:
0.08412 -1.38861 0.02140
-0.77183 -0.49850 -0.39468
0.45119 0.38616
WEIGHTS: None

VERT:
0.06893 -1.36860 0.02582
-0.77183 -0.49850 -0.39468
0.46011 0.38874
WEIGHTS: None

VERT:
0.09283 -1.38204 0.04883
0.77543 -0.60635 0.17621
0.19430 0.29099
WEIGHTS: None

VERT:
0.18048 -1.27791 0.02145
0.77543 -0.60635 0.17621
0.19128 0.33611
WEIGHTS: None

VERT:
0.18425 -1.25905 0.06978
0.77543 -0.60635 0.17621
0.21112 0.34437
WEIGHTS: None

VERT:
0.07825 -1.36156 -0.00129
-0.85524 0.49926 0.13898
0.39596 0.20253
WEIGHTS: None

VERT:
0.13703 -1.26936 0.02923
-0.85524 0.49926 0.13898
0.41697 0.16473
WEIGHTS: None

VERT:
0.14105 -1.24918 -0.01854
-0.85524 0.49926 0.13898
0.39856 0.15493
WEIGHTS: None

VERT:
0.13703 -1.26936 0.02923
-0.84974 0.51017 -0.13291
0.41697 0.16473
WEIGHTS: None

VERT:
0.07764 -1.36202 0.05324
-0.84974 0.51017 -0.13291
0.41801 0.20425
WEIGHTS: None

VERT:
0.14080 -1.25050 0.07756
-0.84974 0.51017 -0.13291
0.43748 0.15819
WEIGHTS: None

VERT:
0.18048 -1.27791 0.02145
0.77586 -0.60192 -0.18902
0.19128 0.33611
WEIGHTS: None

VERT:
0.09344 -1.38158 -0.00571
0.77586 -0.60192 -0.18902
0.17220 0.29088
WEIGHTS: None

VERT:
0.18450 -1.25773 -0.02633
0.77586 -0.60192 -0.18902
0.17208 0.34437
WEIGHTS: None

VERT:
0.01525 -0.90998 0.12854
0.34722 0.31421 0.88358
0.08761 0.20246
WEIGHTS: None

VERT:
0.07702 -0.87528 0.09193
0.34722 0.31421 0.88358
0.06062 0.21869
WEIGHTS: None

VERT:
0.01153 -0.87620 0.11799
0.34722 0.31421 0.88358
0.08947 0.21634
WEIGHTS: None

VERT:
0.01396 -0.88674 0.03649
-0.45408 -0.86533 -0.21216
0.49487 0.61435
WEIGHTS: None

VERT:
0.07999 -0.93712 0.10066
-0.45408 -0.86533 -0.21216
0.46430 0.64596
WEIGHTS: None

VERT:
0.01525 -0.90998 0.12854
-0.45408 -0.86533 -0.21216
0.49487 0.65419
WEIGHTS: None

VERT:
0.21244 -1.03738 0.09749
0.72301 0.61483 0.31502
0.24966 0.62890
WEIGHTS: None

VERT:
0.10491 -0.87490 0.02718
0.72301 0.61483 0.31502
0.27850 0.55521
WEIGHTS: None

VERT:
0.07702 -0.87528 0.09193
0.72301 0.61483 0.31502
0.24966 0.54918
WEIGHTS: None

VERT:
0.01396 -0.88674 0.03649
-0.47092 -0.85974 0.19771
0.29335 0.47173
WEIGHTS: None

VERT:
0.07817 -0.93710 -0.02959
-0.47092 -0.85974 0.19771
0.25746 0.45008
WEIGHTS: None

VERT:
0.10605 -0.93749 0.03515
-0.47092 -0.85974 0.19771
0.24966 0.47685
WEIGHTS: None

VERT:
0.01562 -0.96909 0.03196
-0.10238 0.94352 0.31509
0.89446 0.25220
WEIGHTS: None

VERT:
-0.04716 -0.99113 0.07757
-0.10238 0.94352 0.31509
0.90354 0.28219
WEIGHTS: None

VERT:
0.03960 -0.99113 0.10576
-0.10238 0.94352 0.31509
0.92767 0.25756
WEIGHTS: None

VERT:
-0.09118 -1.05068 0.10956
-0.70023 0.66169 0.26804
0.93228 0.08269
WEIGHTS: None

VERT:
-0.04716 -0.99113 0.07757
-0.70023 0.66169 0.26804
0.95794 0.07515
WEIGHTS: None

VERT:
-0.10994 -1.03909 0.03196
-0.70023 0.66169 0.26804
0.93831 0.04938
WEIGHTS: None

VERT:
0.01562 -0.96909 0.03196
0.26803 0.94352 0.19474
0.89446 0.25220
WEIGHTS: None

VERT:
0.03960 -0.99113 0.10576
0.26803 0.94352 0.19474
0.92767 0.25756
WEIGHTS: None

VERT:
0.09321 -0.99113 0.03196
0.26803 0.94352 0.19474
0.91117 0.22300
WEIGHTS: None

VERT:
0.01562 -0.96909 0.03196
0.26803 0.94352 -0.19474
0.89446 0.25220
WEIGHTS: None

VERT:
0.09321 -0.99113 0.03196
0.26803 0.94352 -0.19474
0.91117 0.22300
WEIGHTS: None

VERT:
0.03960 -0.99113 -0.04184
0.26803 0.94352 -0.19474
0.87685 0.22628
WEIGHTS: None

VERT:
0.01562 -0.96909 0.03196
-0.10238 0.94352 -0.31509
0.89446 0.25220
WEIGHTS: None

VERT:
0.03960 -0.99113 -0.04184
-0.10238 0.94352 -0.31509
0.87685 0.22628
WEIGHTS: None

VERT:
-0.04716 -0.99113 -0.01365
-0.10238 0.94352 -0.31509
0.87213 0.26286
WEIGHTS: None

VERT:
-0.09118 -1.05068 0.10956
-0.90499 0.33038 0.26804
0.93228 0.08269
WEIGHTS: None

VERT:
-0.10994 -1.03909 0.03196
-0.90499 0.33038 0.26804
0.93831 0.04938
WEIGHTS: None

VERT:
-0.12476 -1.11669 0.07757
-0.90499 0.33038 0.26804
0.90498 0.06524
WEIGHTS: None

VERT:
0.05641 -1.05068 0.15751
-0.02474 0.33039 0.94352
0.87648 0.42311
WEIGHTS: None

VERT:
-0.02318 -1.03909 0.15137
-0.02474 0.33039 0.94352
0.87213 0.45564
WEIGHTS: None

VERT:
0.01562 -1.11669 0.17956
-0.02474 0.33039 0.94352
0.90402 0.44139
WEIGHTS: None

VERT:
0.14763 -1.05068 0.03196
0.88970 0.33038 0.31510
0.89905 0.11297
WEIGHTS: None

VERT:
0.11719 -1.03909 0.10576
0.88970 0.33038 0.31510
0.87213 0.10983
WEIGHTS: None

VERT:
0.15599 -1.11669 0.07757
0.88970 0.33038 0.31510
0.88061 0.14137
WEIGHTS: None

VERT:
0.05641 -1.05068 -0.09359
0.57460 0.33039 -0.74879
0.95965 0.11179
WEIGHTS: None

VERT:
0.11719 -1.03909 -0.04184
0.57460 0.33039 -0.74879
0.93205 0.10714
WEIGHTS: None

VERT:
0.10237 -1.11669 -0.08745
0.57460 0.33039 -0.74879
0.95327 0.13901
WEIGHTS: None

VERT:
-0.09118 -1.05068 -0.04563
-0.53458 0.33038 -0.77786
0.95782 0.52462
WEIGHTS: None

VERT:
-0.02318 -1.03909 -0.08745
-0.53458 0.33038 -0.77786
0.93406 0.50332
WEIGHTS: None

VERT:
-0.07114 -1.11669 -0.08745
-0.53458 0.33038 -0.77786
0.93338 0.54125
WEIGHTS: None

VERT:
-0.09118 -1.05068 0.10956
-0.80261 0.12563 0.58312
0.93228 0.08269
WEIGHTS: None

VERT:
-0.12476 -1.11669 0.07757
-0.80261 0.12563 0.58312
0.90498 0.06524
WEIGHTS: None

VERT:
-0.07114 -1.11669 0.15137
-0.80261 0.12563 0.58312
0.90401 0.10081
WEIGHTS: None

VERT:
0.05641 -1.05068 0.15751
0.30656 0.12564 0.94352
0.87648 0.42311
WEIGHTS: None

VERT:
0.01562 -1.11669 0.17956
0.30656 0.12564 0.94352
0.90402 0.44139
WEIGHTS: None

VERT:
0.10237 -1.11669 0.15137
0.30656 0.12564 0.94352
0.90402 0.40350
WEIGHTS: None

VERT:
0.14763 -1.05068 0.03196
0.99208 0.12562 -0.00000
0.89905 0.11297
WEIGHTS: None

VERT:
0.15599 -1.11669 0.07757
0.99208 0.12562 -0.00000
0.88061 0.14137
WEIGHTS: None

VERT:
0.15599 -1.11669 -0.01365
0.99208 0.12562 -0.00000
0.91764 0.13970
WEIGHTS: None

VERT:
0.05641 -1.05068 -0.09359
0.30657 0.12563 -0.94352
0.90329 0.48976
WEIGHTS: None

VERT:
0.10237 -1.11669 -0.08745
0.30657 0.12563 -0.94352
0.87281 0.50350
WEIGHTS: None

VERT:
0.01562 -1.11669 -0.11563
0.30657 0.12563 -0.94352
0.90133 0.52075
WEIGHTS: None

VERT:
-0.09118 -1.05068 -0.04563
-0.80261 0.12563 -0.58312
0.95782 0.52462
WEIGHTS: None

VERT:
-0.07114 -1.11669 -0.08745
-0.80261 0.12563 -0.58312
0.93338 0.54125
WEIGHTS: None

VERT:
-0.12476 -1.11669 -0.01365
-0.80261 0.12563 -0.58312
0.95672 0.55715
WEIGHTS: None

VERT:
-0.02518 -1.18269 0.15751
-0.40894 -0.66170 0.62843
0.87213 0.36802
WEIGHTS: None

VERT:
-0.08596 -1.19428 0.10576
-0.40894 -0.66170 0.62843
0.89906 0.37610
WEIGHTS: None

VERT:
-0.00836 -1.24224 0.10576
-0.40894 -0.66170 0.62843
0.87777 0.34466
WEIGHTS: None

VERT:
0.12242 -1.18269 0.10956
0.47130 -0.66170 0.58312
0.93227 0.39209
WEIGHTS: None

VERT:
0.05442 -1.19428 0.15137
0.47130 -0.66170 0.58312
0.93682 0.42315
WEIGHTS: None

VERT:
0.07839 -1.24224 0.07757
0.47130 -0.66170 0.58312
0.95799 0.40789
WEIGHTS: None

VERT:
0.12242 -1.18269 -0.04563
0.70023 -0.66170 -0.26803
0.93514 0.16720
WEIGHTS: None

VERT:
0.14117 -1.19428 0.03196
0.70023 -0.66170 -0.26803
0.90182 0.17324
WEIGHTS: None

VERT:
0.07839 -1.24224 -0.01365
0.70023 -0.66170 -0.26803
0.92767 0.19328
WEIGHTS: None

VERT:
-0.02518 -1.18269 -0.09359
-0.03854 -0.66170 -0.74878
0.90214 0.55428
WEIGHTS: None

VERT:
0.05442 -1.19428 -0.08745
-0.03854 -0.66170 -0.74878
0.87213 0.54143
WEIGHTS: None

VERT:
-0.00836 -1.24224 -0.04184
-0.03854 -0.66170 -0.74878
0.88614 0.57470
WEIGHTS: None

VERT:
-0.11640 -1.18269 0.03196
-0.72404 -0.66170 -0.19474
0.93186 0.37134
WEIGHTS: None

VERT:
-0.08596 -1.19428 -0.04184
-0.72404 -0.66170 -0.19474
0.95022 0.34341
WEIGHTS: None

VERT:
-0.06198 -1.24224 0.03196
-0.72404 -0.66170 -0.19474
0.91288 0.34661
WEIGHTS: None

VERT:
-0.06198 -1.24224 0.03196
-0.26803 -0.94352 -0.19474
0.91288 0.34661
WEIGHTS: None

VERT:
-0.00836 -1.24224 -0.04184
-0.26803 -0.94352 -0.19474
0.92894 0.31197
WEIGHTS: None

VERT:
0.01562 -1.26428 0.03196
-0.26803 -0.94352 -0.19474
0.89565 0.31786
WEIGHTS: None

VERT:
-0.06198 -1.24224 0.03196
-0.49112 -0.79466 -0.35682
0.91288 0.34661
WEIGHTS: None

VERT:
-0.08596 -1.19428 -0.04184
-0.49112 -0.79466 -0.35682
0.95022 0.34341
WEIGHTS: None

VERT:
-0.00836 -1.24224 -0.04184
-0.49112 -0.79466 -0.35682
0.92894 0.31197
WEIGHTS: None

VERT:
-0.08596 -1.19428 -0.04184
-0.40895 -0.66170 -0.62842
0.95022 0.34341
WEIGHTS: None

VERT:
-0.02518 -1.18269 -0.09359
-0.40895 -0.66170 -0.62842
0.95918 0.31240
WEIGHTS: None

VERT:
-0.00836 -1.24224 -0.04184
-0.40895 -0.66170 -0.62842
0.92894 0.31197
WEIGHTS: None

VERT:
-0.00836 -1.24224 -0.04184
0.10238 -0.94352 -0.31509
0.92894 0.31197
WEIGHTS: None

VERT:
0.07839 -1.24224 -0.01365
0.10238 -0.94352 -0.31509
0.90375 0.28861
WEIGHTS: None

VERT:
0.01562 -1.26428 0.03196
0.10238 -0.94352 -0.31509
0.89565 0.31786
WEIGHTS: None

VERT:
-0.00836 -1.24224 -0.04184
0.18759 -0.79466 -0.57734
0.92894 0.31197
WEIGHTS: None

VERT:
0.05442 -1.19428 -0.08745
0.18759 -0.79466 -0.57734
0.94110 0.28540
WEIGHTS: None

VERT:
0.07839 -1.24224 -0.01365
0.18759 -0.79466 -0.57734
0.90375 0.28861
WEIGHTS: None

VERT:
0.05442 -1.19428 -0.08745
0.47130 -0.66170 -0.58312
0.95946 0.17212
WEIGHTS: None

VERT:
0.12242 -1.18269 -0.04563
0.47130 -0.66170 -0.58312
0.93514 0.16720
WEIGHTS: None

VERT:
0.07839 -1.24224 -0.01365
0.47130 -0.66170 -0.58312
0.92767 0.19328
WEIGHTS: None

VERT:
0.07839 -1.24224 -0.01365
0.33131 -0.94352 0.00000
0.90375 0.28861
WEIGHTS: None

VERT:
0.07839 -1.24224 0.07757
0.33131 -0.94352 0.00000
0.87213 0.30881
WEIGHTS: None

VERT:
0.01562 -1.26428 0.03196
0.33131 -0.94352 0.00000
0.89565 0.31786
WEIGHTS: None

VERT:
0.07839 -1.24224 -0.01365
0.60706 -0.79465 0.00000
0.92767 0.19328
WEIGHTS: None

VERT:
0.14117 -1.19428 0.03196
0.60706 -0.79465 0.00000
0.90182 0.17324
WEIGHTS: None

VERT:
0.07839 -1.24224 0.07757
0.60706 -0.79465 0.00000
0.89064 0.19494
WEIGHTS: None

VERT:
0.14117 -1.19428 0.03196
0.70023 -0.66170 0.26803
0.90182 0.17324
WEIGHTS: None

VERT:
0.12242 -1.18269 0.10956
0.70023 -0.66170 0.26803
0.87213 0.17003
WEIGHTS: None

VERT:
0.07839 -1.24224 0.07757
0.70023 -0.66170 0.26803
0.89064 0.19494
WEIGHTS: None

VERT:
0.07839 -1.24224 0.07757
0.10238 -0.94352 0.31509
0.87213 0.30881
WEIGHTS: None

VERT:
-0.00836 -1.24224 0.10576
0.10238 -0.94352 0.31509
0.87777 0.34466
WEIGHTS: None

VERT:
0.01562 -1.26428 0.03196
0.10238 -0.94352 0.31509
0.89565 0.31786
WEIGHTS: None

VERT:
0.07839 -1.24224 0.07757
0.18759 -0.79466 0.57734
0.95799 0.40789
WEIGHTS: None

VERT:
0.05442 -1.19428 0.15137
0.18759 -0.79466 0.57734
0.93682 0.42315
WEIGHTS: None

VERT:
-0.00836 -1.24224 0.10576
0.18759 -0.79466 0.57734
0.95799 0.44578
WEIGHTS: None

VERT:
0.05442 -1.19428 0.15137
-0.03854 -0.66170 0.74878
0.93682 0.42315
WEIGHTS: None

VERT:
-0.02518 -1.18269 0.15751
-0.03854 -0.66170 0.74878
0.93227 0.45655
WEIGHTS: None

VERT:
-0.00836 -1.24224 0.10576
-0.03854 -0.66170 0.74878
0.95799 0.44578
WEIGHTS: None

VERT:
-0.00836 -1.24224 0.10576
-0.26803 -0.94352 0.19474
0.87777 0.34466
WEIGHTS: None

VERT:
-0.06198 -1.24224 0.03196
-0.26803 -0.94352 0.19474
0.91288 0.34661
WEIGHTS: None

VERT:
0.01562 -1.26428 0.03196
-0.26803 -0.94352 0.19474
0.89565 0.31786
WEIGHTS: None

VERT:
-0.00836 -1.24224 0.10576
-0.49111 -0.79466 0.35682
0.87777 0.34466
WEIGHTS: None

VERT:
-0.08596 -1.19428 0.10576
-0.49111 -0.79466 0.35682
0.89906 0.37610
WEIGHTS: None

VERT:
-0.06198 -1.24224 0.03196
-0.49111 -0.79466 0.35682
0.91288 0.34661
WEIGHTS: None

VERT:
-0.08596 -1.19428 0.10576
-0.72404 -0.66170 0.19473
0.89906 0.37610
WEIGHTS: None

VERT:
-0.11640 -1.18269 0.03196
-0.72404 -0.66170 0.19473
0.93186 0.37134
WEIGHTS: None

VERT:
-0.06198 -1.24224 0.03196
-0.72404 -0.66170 0.19473
0.91288 0.34661
WEIGHTS: None

VERT:
-0.12476 -1.11669 -0.01365
-0.88970 -0.33038 -0.31510
0.90644 0.02817
WEIGHTS: None

VERT:
-0.08596 -1.19428 -0.04184
-0.88970 -0.33038 -0.31510
0.87449 0.01963
WEIGHTS: None

VERT:
-0.11640 -1.18269 0.03196
-0.88970 -0.33038 -0.31510
0.87806 0.04661
WEIGHTS: None

VERT:
-0.12476 -1.11669 -0.01365
-0.79466 -0.18759 -0.57734
0.95672 0.55715
WEIGHTS: None

VERT:
-0.07114 -1.11669 -0.08745
-0.79466 -0.18759 -0.57734
0.93338 0.54125
WEIGHTS: None

VERT:
-0.08596 -1.19428 -0.04184
-0.79466 -0.18759 -0.57734
0.92399 0.57459
WEIGHTS: None

VERT:
-0.07114 -1.11669 -0.08745
-0.57460 -0.33039 -0.74878
0.93338 0.54125
WEIGHTS: None

VERT:
-0.02518 -1.18269 -0.09359
-0.57460 -0.33039 -0.74878
0.90214 0.55428
WEIGHTS: None

VERT:
-0.08596 -1.19428 -0.04184
-0.57460 -0.33039 -0.74878
0.92399 0.57459
WEIGHTS: None

VERT:
0.01562 -1.11669 -0.11563
0.02474 -0.33039 -0.94352
0.90133 0.52075
WEIGHTS: None

VERT:
0.05442 -1.19428 -0.08745
0.02474 -0.33039 -0.94352
0.87213 0.54143
WEIGHTS: None

VERT:
-0.02518 -1.18269 -0.09359
0.02474 -0.33039 -0.94352
0.90214 0.55428
WEIGHTS: None

VERT:
0.01562 -1.11669 -0.11563
0.30354 -0.18759 -0.93417
0.90133 0.52075
WEIGHTS: None

VERT:
0.10237 -1.11669 -0.08745
0.30354 -0.18759 -0.93417
0.87281 0.50350
WEIGHTS: None

VERT:
0.05442 -1.19428 -0.08745
0.30354 -0.18759 -0.93417
0.87213 0.54143
WEIGHTS: None

VERT:
0.10237 -1.11669 -0.08745
0.53458 -0.33038 -0.77786
0.95327 0.13901
WEIGHTS: None

VERT:
0.12242 -1.18269 -0.04563
0.53458 -0.33038 -0.77786
0.93514 0.16720
WEIGHTS: None

VERT:
0.05442 -1.19428 -0.08745
0.53458 -0.33038 -0.77786
0.95946 0.17212
WEIGHTS: None

VERT:
0.15599 -1.11669 -0.01365
0.90499 -0.33038 -0.26803
0.91764 0.13970
WEIGHTS: None

VERT:
0.14117 -1.19428 0.03196
0.90499 -0.33038 -0.26803
0.90182 0.17324
WEIGHTS: None

VERT:
0.12242 -1.18269 -0.04563
0.90499 -0.33038 -0.26803
0.93514 0.16720
WEIGHTS: None

VERT:
0.15599 -1.11669 -0.01365
0.98225 -0.18760 0.00000
0.76882 0.24667
WEIGHTS: None

VERT:
0.15599 -1.11669 0.07757
0.98225 -0.18760 0.00000
0.73179 0.24833
WEIGHTS: None

VERT:
0.14117 -1.19428 0.03196
0.98225 -0.18760 0.00000
0.75300 0.28020
WEIGHTS: None

VERT:
0.15599 -1.11669 0.07757
0.90499 -0.33039 0.26803
0.88061 0.14137
WEIGHTS: None

VERT:
0.12242 -1.18269 0.10956
0.90499 -0.33039 0.26803
0.87213 0.17003
WEIGHTS: None

VERT:
0.14117 -1.19428 0.03196
0.90499 -0.33039 0.26803
0.90182 0.17324
WEIGHTS: None

VERT:
0.10237 -1.11669 0.15137
0.53458 -0.33039 0.77786
0.90402 0.40350
WEIGHTS: None

VERT:
0.05442 -1.19428 0.15137
0.53458 -0.33039 0.77786
0.93682 0.42315
WEIGHTS: None

VERT:
0.12242 -1.18269 0.10956
0.53458 -0.33039 0.77786
0.93227 0.39209
WEIGHTS: None

VERT:
0.10237 -1.11669 0.15137
0.30353 -0.18760 0.93417
0.90402 0.40350
WEIGHTS: None

VERT:
0.01562 -1.11669 0.17956
0.30353 -0.18760 0.93417
0.90402 0.44139
WEIGHTS: None

VERT:
0.05442 -1.19428 0.15137
0.30353 -0.18760 0.93417
0.93682 0.42315
WEIGHTS: None

VERT:
0.01562 -1.11669 0.17956
0.02474 -0.33039 0.94352
0.90402 0.44139
WEIGHTS: None

VERT:
-0.02518 -1.18269 0.15751
0.02474 -0.33039 0.94352
0.93227 0.45655
WEIGHTS: None

VERT:
0.05442 -1.19428 0.15137
0.02474 -0.33039 0.94352
0.93682 0.42315
WEIGHTS: None

VERT:
-0.07114 -1.11669 0.15137
-0.57459 -0.33040 0.74879
0.90401 0.10081
WEIGHTS: None

VERT:
-0.08596 -1.19428 0.10576
-0.57459 -0.33040 0.74879
0.87213 0.07960
WEIGHTS: None

VERT:
-0.02518 -1.18269 0.15751
-0.57459 -0.33040 0.74879
0.87640 0.10714
WEIGHTS: None

VERT:
-0.07114 -1.11669 0.15137
-0.79466 -0.18760 0.57734
0.90401 0.10081
WEIGHTS: None

VERT:
-0.12476 -1.11669 0.07757
-0.79466 -0.18760 0.57734
0.90498 0.06524
WEIGHTS: None

VERT:
-0.08596 -1.19428 0.10576
-0.79466 -0.18760 0.57734
0.87213 0.07960
WEIGHTS: None

VERT:
-0.12476 -1.11669 0.07757
-0.88970 -0.33038 0.31510
0.90498 0.06524
WEIGHTS: None

VERT:
-0.11640 -1.18269 0.03196
-0.88970 -0.33038 0.31510
0.87806 0.04661
WEIGHTS: None

VERT:
-0.08596 -1.19428 0.10576
-0.88970 -0.33038 0.31510
0.87213 0.07960
WEIGHTS: None

VERT:
-0.07114 -1.11669 -0.08745
-0.30657 -0.12563 -0.94352
0.93338 0.54125
WEIGHTS: None

VERT:
0.01562 -1.11669 -0.11563
-0.30657 -0.12563 -0.94352
0.90133 0.52075
WEIGHTS: None

VERT:
-0.02518 -1.18269 -0.09359
-0.30657 -0.12563 -0.94352
0.90214 0.55428
WEIGHTS: None

VERT:
-0.07114 -1.11669 -0.08745
-0.30353 0.18759 -0.93417
0.93338 0.54125
WEIGHTS: None

VERT:
-0.02318 -1.03909 -0.08745
-0.30353 0.18759 -0.93417
0.93406 0.50332
WEIGHTS: None

VERT:
0.01562 -1.11669 -0.11563
-0.30353 0.18759 -0.93417
0.90133 0.52075
WEIGHTS: None

VERT:
-0.02318 -1.03909 -0.08745
-0.02474 0.33039 -0.94352
0.93406 0.50332
WEIGHTS: None

VERT:
0.05641 -1.05068 -0.09359
-0.02474 0.33039 -0.94352
0.90329 0.48976
WEIGHTS: None

VERT:
0.01562 -1.11669 -0.11563
-0.02474 0.33039 -0.94352
0.90133 0.52075
WEIGHTS: None

VERT:
0.10237 -1.11669 -0.08745
0.80261 -0.12563 -0.58312
0.95327 0.13901
WEIGHTS: None

VERT:
0.15599 -1.11669 -0.01365
0.80261 -0.12563 -0.58312
0.91764 0.13970
WEIGHTS: None

VERT:
0.12242 -1.18269 -0.04563
0.80261 -0.12563 -0.58312
0.93514 0.16720
WEIGHTS: None

VERT:
0.10237 -1.11669 -0.08745
0.79466 0.18759 -0.57734
0.95327 0.13901
WEIGHTS: None

VERT:
0.11719 -1.03909 -0.04184
0.79466 0.18759 -0.57734
0.93205 0.10714
WEIGHTS: None

VERT:
0.15599 -1.11669 -0.01365
0.79466 0.18759 -0.57734
0.91764 0.13970
WEIGHTS: None

VERT:
0.11719 -1.03909 -0.04184
0.88970 0.33038 -0.31510
0.93205 0.10714
WEIGHTS: None

VERT:
0.14763 -1.05068 0.03196
0.88970 0.33038 -0.31510
0.89905 0.11297
WEIGHTS: None

VERT:
0.15599 -1.11669 -0.01365
0.88970 0.33038 -0.31510
0.91764 0.13970
WEIGHTS: None

VERT:
0.15599 -1.11669 0.07757
0.80261 -0.12563 0.58312
0.90493 0.37610
WEIGHTS: None

VERT:
0.10237 -1.11669 0.15137
0.80261 -0.12563 0.58312
0.90402 0.40350
WEIGHTS: None

VERT:
0.12242 -1.18269 0.10956
0.80261 -0.12563 0.58312
0.93227 0.39209
WEIGHTS: None

VERT:
0.15599 -1.11669 0.07757
0.79466 0.18760 0.57734
0.90493 0.37610
WEIGHTS: None

VERT:
0.11719 -1.03909 0.10576
0.79466 0.18760 0.57734
0.87213 0.39433
WEIGHTS: None

VERT:
0.10237 -1.11669 0.15137
0.79466 0.18760 0.57734
0.90402 0.40350
WEIGHTS: None

VERT:
0.11719 -1.03909 0.10576
0.57459 0.33040 0.74879
0.87213 0.39433
WEIGHTS: None

VERT:
0.05641 -1.05068 0.15751
0.57459 0.33040 0.74879
0.87648 0.42311
WEIGHTS: None

VERT:
0.10237 -1.11669 0.15137
0.57459 0.33040 0.74879
0.90402 0.40350
WEIGHTS: None

VERT:
0.01562 -1.11669 0.17956
-0.30656 -0.12564 0.94352
0.90402 0.44139
WEIGHTS: None

VERT:
-0.07114 -1.11669 0.15137
-0.30656 -0.12564 0.94352
0.90493 0.47529
WEIGHTS: None

VERT:
-0.02518 -1.18269 0.15751
-0.30656 -0.12564 0.94352
0.93227 0.45655
WEIGHTS: None

VERT:
0.01562 -1.11669 0.17956
-0.30352 0.18760 0.93417
0.90402 0.44139
WEIGHTS: None

VERT:
-0.02318 -1.03909 0.15137
-0.30352 0.18760 0.93417
0.87213 0.45564
WEIGHTS: None

VERT:
-0.07114 -1.11669 0.15137
-0.30352 0.18760 0.93417
0.90493 0.47529
WEIGHTS: None

VERT:
-0.02318 -1.03909 0.15137
-0.53458 0.33039 0.77786
0.93674 0.10694
WEIGHTS: None

VERT:
-0.09118 -1.05068 0.10956
-0.53458 0.33039 0.77786
0.93228 0.08269
WEIGHTS: None

VERT:
-0.07114 -1.11669 0.15137
-0.53458 0.33039 0.77786
0.90401 0.10081
WEIGHTS: None

VERT:
-0.12476 -1.11669 0.07757
-0.99208 -0.12562 0.00000
0.94064 0.15360
WEIGHTS: None

VERT:
-0.12476 -1.11669 -0.01365
-0.99208 -0.12562 0.00000
0.94210 0.11653
WEIGHTS: None

VERT:
-0.11640 -1.18269 0.03196
-0.99208 -0.12562 0.00000
0.91371 0.13497
WEIGHTS: None

VERT:
-0.12476 -1.11669 0.07757
-0.98225 0.18760 -0.00000
0.90498 0.06524
WEIGHTS: None

VERT:
-0.10994 -1.03909 0.03196
-0.98225 0.18760 -0.00000
0.93831 0.04938
WEIGHTS: None

VERT:
-0.12476 -1.11669 -0.01365
-0.98225 0.18760 -0.00000
0.90644 0.02817
WEIGHTS: None

VERT:
-0.10994 -1.03909 0.03196
-0.90499 0.33038 -0.26803
0.93831 0.04938
WEIGHTS: None

VERT:
-0.09118 -1.05068 -0.04563
-0.90499 0.33038 -0.26803
0.93476 0.01963
WEIGHTS: None

VERT:
-0.12476 -1.11669 -0.01365
-0.90499 0.33038 -0.26803
0.90644 0.02817
WEIGHTS: None

VERT:
-0.04716 -0.99113 -0.01365
-0.47130 0.66170 -0.58312
0.95782 0.49578
WEIGHTS: None

VERT:
-0.02318 -1.03909 -0.08745
-0.47130 0.66170 -0.58312
0.93406 0.50332
WEIGHTS: None

VERT:
-0.09118 -1.05068 -0.04563
-0.47130 0.66170 -0.58312
0.95782 0.52462
WEIGHTS: None

VERT:
-0.04716 -0.99113 -0.01365
-0.18760 0.79466 -0.57735
0.95782 0.49578
WEIGHTS: None

VERT:
0.03960 -0.99113 -0.04184
-0.18760 0.79466 -0.57735
0.92577 0.47529
WEIGHTS: None

VERT:
-0.02318 -1.03909 -0.08745
-0.18760 0.79466 -0.57735
0.93406 0.50332
WEIGHTS: None

VERT:
0.03960 -0.99113 -0.04184
0.03854 0.66169 -0.74878
0.92577 0.47529
WEIGHTS: None

VERT:
0.05641 -1.05068 -0.09359
0.03854 0.66169 -0.74878
0.90329 0.48976
WEIGHTS: None

VERT:
-0.02318 -1.03909 -0.08745
0.03854 0.66169 -0.74878
0.93406 0.50332
WEIGHTS: None

VERT:
0.03960 -0.99113 -0.04184
0.40894 0.66169 -0.62843
0.87685 0.22628
WEIGHTS: None

VERT:
0.11719 -1.03909 -0.04184
0.40894 0.66169 -0.62843
0.89805 0.19494
WEIGHTS: None

VERT:
0.05641 -1.05068 -0.09359
0.40894 0.66169 -0.62843
0.87213 0.20446
WEIGHTS: None

VERT:
0.03960 -0.99113 -0.04184
0.49112 0.79466 -0.35682
0.87685 0.22628
WEIGHTS: None

VERT:
0.09321 -0.99113 0.03196
0.49112 0.79466 -0.35682
0.91117 0.22300
WEIGHTS: None

VERT:
0.11719 -1.03909 -0.04184
0.49112 0.79466 -0.35682
0.89805 0.19494
WEIGHTS: None

VERT:
0.09321 -0.99113 0.03196
0.72404 0.66170 -0.19474
0.91117 0.22300
WEIGHTS: None

VERT:
0.14763 -1.05068 0.03196
0.72404 0.66170 -0.19474
0.93053 0.19888
WEIGHTS: None

VERT:
0.11719 -1.03909 -0.04184
0.72404 0.66170 -0.19474
0.89805 0.19494
WEIGHTS: None

VERT:
0.09321 -0.99113 0.03196
0.72404 0.66170 0.19474
0.91117 0.22300
WEIGHTS: None

VERT:
0.11719 -1.03909 0.10576
0.72404 0.66170 0.19474
0.94887 0.22622
WEIGHTS: None

VERT:
0.14763 -1.05068 0.03196
0.72404 0.66170 0.19474
0.93053 0.19888
WEIGHTS: None

VERT:
0.09321 -0.99113 0.03196
0.49112 0.79466 0.35683
0.91117 0.22300
WEIGHTS: None

VERT:
0.03960 -0.99113 0.10576
0.49112 0.79466 0.35683
0.92767 0.25756
WEIGHTS: None

VERT:
0.11719 -1.03909 0.10576
0.49112 0.79466 0.35683
0.94887 0.22622
WEIGHTS: None

VERT:
0.03960 -0.99113 0.10576
0.40894 0.66169 0.62843
0.92767 0.25756
WEIGHTS: None

VERT:
0.05641 -1.05068 0.15751
0.40894 0.66169 0.62843
0.95860 0.25767
WEIGHTS: None

VERT:
0.11719 -1.03909 0.10576
0.40894 0.66169 0.62843
0.94887 0.22622
WEIGHTS: None

VERT:
-0.10994 -1.03909 0.03196
-0.70023 0.66169 -0.26803
0.93831 0.04938
WEIGHTS: None

VERT:
-0.04716 -0.99113 -0.01365
-0.70023 0.66169 -0.26803
0.95940 0.03808
WEIGHTS: None

VERT:
-0.09118 -1.05068 -0.04563
-0.70023 0.66169 -0.26803
0.93476 0.01963
WEIGHTS: None

VERT:
-0.10994 -1.03909 0.03196
-0.60706 0.79465 -0.00000
0.93831 0.04938
WEIGHTS: None

VERT:
-0.04716 -0.99113 0.07757
-0.60706 0.79465 -0.00000
0.95794 0.07515
WEIGHTS: None

VERT:
-0.04716 -0.99113 -0.01365
-0.60706 0.79465 -0.00000
0.95940 0.03808
WEIGHTS: None

VERT:
-0.04716 -0.99113 0.07757
-0.33130 0.94352 -0.00000
0.90354 0.28219
WEIGHTS: None

VERT:
0.01562 -0.96909 0.03196
-0.33130 0.94352 -0.00000
0.89446 0.25220
WEIGHTS: None

VERT:
-0.04716 -0.99113 -0.01365
-0.33130 0.94352 -0.00000
0.87213 0.26286
WEIGHTS: None

VERT:
0.03960 -0.99113 0.10576
0.03854 0.66169 0.74878
0.92767 0.25756
WEIGHTS: None

VERT:
-0.02318 -1.03909 0.15137
0.03854 0.66169 0.74878
0.94124 0.28540
WEIGHTS: None

VERT:
0.05641 -1.05068 0.15751
0.03854 0.66169 0.74878
0.95860 0.25767
WEIGHTS: None

VERT:
0.03960 -0.99113 0.10576
-0.18759 0.79465 0.57735
0.92767 0.25756
WEIGHTS: None

VERT:
-0.04716 -0.99113 0.07757
-0.18759 0.79465 0.57735
0.90354 0.28219
WEIGHTS: None

VERT:
-0.02318 -1.03909 0.15137
-0.18759 0.79465 0.57735
0.94124 0.28540
WEIGHTS: None

VERT:
-0.04716 -0.99113 0.07757
-0.47130 0.66169 0.58313
0.95794 0.07515
WEIGHTS: None

VERT:
-0.09118 -1.05068 0.10956
-0.47130 0.66169 0.58313
0.93228 0.08269
WEIGHTS: None

VERT:
-0.02318 -1.03909 0.15137
-0.47130 0.66169 0.58313
0.93674 0.10694
WEIGHTS: None

VERT:
-0.01450 0.99990 0.03566
-0.39499 -0.03344 0.91808
0.15429 0.99909
WEIGHTS: None

VERT:
-0.03964 0.99954 0.02483
-0.39499 -0.03344 0.91808
0.16387 0.99796
WEIGHTS: None

VERT:
-0.00133 0.52214 0.02392
-0.39499 -0.03344 0.91808
0.13274 0.79962
WEIGHTS: None

VERT:
-0.03964 0.99954 0.02483
-0.92639 -0.07504 0.36901
0.37548 1.00000
WEIGHTS: None

VERT:
-0.04975 0.99940 -0.00060
-0.92639 -0.07504 0.36901
0.38687 0.99957
WEIGHTS: None

VERT:
-0.01414 0.52195 -0.00828
-0.92639 -0.07504 0.36901
0.38020 0.79958
WEIGHTS: None

VERT:
-0.01414 0.52195 -0.00828
-0.91655 -0.06201 -0.39509
0.38020 0.79958
WEIGHTS: None

VERT:
-0.04975 0.99940 -0.00060
-0.91655 -0.06201 -0.39509
0.38687 0.99957
WEIGHTS: None

VERT:
-0.03893 0.99955 -0.02573
-0.91655 -0.06201 -0.39509
0.39596 0.99948
WEIGHTS: None

VERT:
-0.00043 0.52214 -0.04011
-0.36972 -0.00184 -0.92914
0.19003 0.20087
WEIGHTS: None

VERT:
-0.03893 0.99955 -0.02573
-0.36972 -0.00184 -0.92914
0.18801 -0.00000
WEIGHTS: None

VERT:
-0.01350 0.99990 -0.03585
-0.36972 -0.00184 -0.92914
0.17673 0.00085
WEIGHTS: None

VERT:
0.03177 0.52259 -0.05292
0.39381 0.07013 -0.91651
0.17575 0.20194
WEIGHTS: None

VERT:
-0.01350 0.99990 -0.03585
0.39381 0.07013 -0.91651
0.17673 0.00085
WEIGHTS: None

VERT:
0.01163 1.00026 -0.02503
0.39381 0.07013 -0.91651
0.16735 0.00183
WEIGHTS: None

VERT:
0.06359 0.52304 -0.03921
0.92314 0.11146 -0.36794
0.42189 0.41376
WEIGHTS: None

VERT:
0.01163 1.00026 -0.02503
0.92314 0.11146 -0.36794
0.41975 0.21450
WEIGHTS: None

VERT:
0.02175 1.00040 0.00040
0.92314 0.11146 -0.36794
0.40835 0.21449
WEIGHTS: None

VERT:
0.01092 1.00025 0.02554
0.36900 0.03864 0.92863
0.14309 1.00000
WEIGHTS: None

VERT:
-0.01450 0.99990 0.03566
0.36900 0.03864 0.92863
0.15429 0.99909
WEIGHTS: None

VERT:
0.03050 0.52258 0.03763
0.36900 0.03864 0.92863
0.12061 0.80105
WEIGHTS: None

VERT:
0.02175 1.00040 0.00040
0.91376 0.09855 0.39412
0.40835 0.21449
WEIGHTS: None

VERT:
0.01092 1.00025 0.02554
0.91376 0.09855 0.39412
0.39928 0.21491
WEIGHTS: None

VERT:
0.06270 0.52303 0.02482
0.91376 0.09855 0.39412
0.39596 0.41428
WEIGHTS: None

VERT:
0.10491 -0.87490 0.02718
0.81758 0.45352 0.35480
0.27850 0.55521
WEIGHTS: None

VERT:
0.05449 -0.76172 -0.00131
0.81758 0.45352 0.35480
0.29304 0.51444
WEIGHTS: None

VERT:
0.04123 -0.76191 0.02948
0.81758 0.45352 0.35480
0.27933 0.51157
WEIGHTS: None

VERT:
0.07702 -0.87528 0.09193
0.30672 0.53170 0.78944
0.06062 0.21869
WEIGHTS: None

VERT:
0.04123 -0.76191 0.02948
0.30672 0.53170 0.78944
0.07453 0.26417
WEIGHTS: None

VERT:
0.01009 -0.76234 0.04187
0.30672 0.53170 0.78944
0.08824 0.26306
WEIGHTS: None

VERT:
0.07885 -0.87527 -0.03832
0.88432 0.30491 -0.35356
0.42532 1.00000
WEIGHTS: None

VERT:
0.04210 -0.76190 -0.03246
0.88432 0.30491 -0.35356
0.42637 0.95305
WEIGHTS: None

VERT:
0.05449 -0.76172 -0.00131
0.88432 0.30491 -0.35356
0.41241 0.95303
WEIGHTS: None

VERT:
0.01336 -0.87618 -0.06621
0.38783 0.17002 -0.90592
0.23779 0.78516
WEIGHTS: None

VERT:
0.01132 -0.76233 -0.04572
0.38783 0.17002 -0.90592
0.23583 0.73769
WEIGHTS: None

VERT:
0.04210 -0.76190 -0.03246
0.38783 0.17002 -0.90592
0.22434 0.73889
WEIGHTS: None

VERT:
-0.01983 -0.76277 -0.03333
-0.36698 0.15839 -0.91665
0.24964 0.73664
WEIGHTS: None

VERT:
0.01132 -0.76233 -0.04572
-0.36698 0.15839 -0.91665
0.23583 0.73769
WEIGHTS: None

VERT:
0.01336 -0.87618 -0.06621
-0.36698 0.15839 -0.91665
0.23779 0.78516
WEIGHTS: None

VERT:
-0.03308 -0.76295 -0.00254
-0.88562 0.26720 -0.37984
0.36344 0.26045
WEIGHTS: None

VERT:
-0.01983 -0.76277 -0.03333
-0.88562 0.26720 -0.37984
0.37459 0.26035
WEIGHTS: None

VERT:
-0.05139 -0.87709 -0.04014
-0.88562 0.26720 -0.37984
0.37918 0.21198
WEIGHTS: None

VERT:
-0.02069 -0.76277 0.02861
-0.84424 0.41954 0.33354
0.34950 0.26098
WEIGHTS: None

VERT:
-0.03308 -0.76295 -0.00254
-0.84424 0.41954 0.33354
0.36344 0.26045
WEIGHTS: None

VERT:
-0.07928 -0.87748 0.02460
-0.84424 0.41954 0.33354
0.35574 0.21221
WEIGHTS: None

VERT:
0.01009 -0.76234 0.04187
-0.34432 0.51883 0.78247
0.08824 0.26306
WEIGHTS: None

VERT:
-0.02069 -0.76277 0.02861
-0.34432 0.51883 0.78247
0.09997 0.26167
WEIGHTS: None

VERT:
-0.05322 -0.87710 0.09011
-0.34432 0.51883 0.78247
0.11413 0.21343
WEIGHTS: None

VERT:
0.01814 -0.50226 -0.01215
0.90861 0.14370 0.39215
0.41964 0.84467
WEIGHTS: None

VERT:
0.00488 -0.50244 0.01864
0.90861 0.14370 0.39215
0.40853 0.84519
WEIGHTS: None

VERT:
0.04123 -0.76191 0.02948
0.90861 0.14370 0.39215
0.40130 0.95355
WEIGHTS: None

VERT:
0.00488 -0.50244 0.01864
0.36714 0.09012 0.92579
0.09704 0.37131
WEIGHTS: None

VERT:
-0.02627 -0.50287 0.03103
0.36714 0.09012 0.92579
0.11075 0.37020
WEIGHTS: None

VERT:
0.01009 -0.76234 0.04187
0.36714 0.09012 0.92579
0.08824 0.26306
WEIGHTS: None

VERT:
0.04210 -0.76190 -0.03246
0.92288 0.11395 -0.36783
0.42637 0.95305
WEIGHTS: None

VERT:
0.00574 -0.50243 -0.04330
0.92288 0.11395 -0.36783
0.43360 0.84468
WEIGHTS: None

VERT:
0.01814 -0.50226 -0.01215
0.92288 0.11395 -0.36783
0.41964 0.84467
WEIGHTS: None

VERT:
0.01132 -0.76233 -0.04572
0.39533 0.01703 -0.91838
0.23583 0.73769
WEIGHTS: None

VERT:
-0.02504 -0.50287 -0.05656
0.39533 0.01703 -0.91838
0.23947 0.62773
WEIGHTS: None

VERT:
0.00574 -0.50243 -0.04330
0.39533 0.01703 -0.91838
0.22798 0.62894
WEIGHTS: None

VERT:
-0.01983 -0.76277 -0.03333
-0.36715 -0.09012 -0.92579
0.24964 0.73664
WEIGHTS: None

VERT:
-0.05618 -0.50330 -0.04416
-0.36715 -0.09012 -0.92579
0.25328 0.62669
WEIGHTS: None

VERT:
-0.02504 -0.50287 -0.05656
-0.36715 -0.09012 -0.92579
0.23947 0.62773
WEIGHTS: None

VERT:
-0.03308 -0.76295 -0.00254
-0.90860 -0.14370 -0.39216
0.36344 0.26045
WEIGHTS: None

VERT:
-0.06944 -0.50348 -0.01338
-0.90860 -0.14370 -0.39216
0.37493 0.36879
WEIGHTS: None

VERT:
-0.05618 -0.50330 -0.04416
-0.90860 -0.14370 -0.39216
0.38608 0.36869
WEIGHTS: None

VERT:
-0.05705 -0.50331 0.01777
-0.92289 -0.11395 0.36782
0.36099 0.36933
WEIGHTS: None

VERT:
-0.06944 -0.50348 -0.01338
-0.92289 -0.11395 0.36782
0.37493 0.36879
WEIGHTS: None

VERT:
-0.03308 -0.76295 -0.00254
-0.92289 -0.11395 0.36782
0.36344 0.26045
WEIGHTS: None

VERT:
-0.02627 -0.50287 0.03103
-0.39534 -0.01704 0.91837
0.11075 0.37020
WEIGHTS: None

VERT:
-0.05705 -0.50331 0.01777
-0.39534 -0.01704 0.91837
0.12248 0.36881
WEIGHTS: None

VERT:
-0.02069 -0.76277 0.02861
-0.39534 -0.01704 0.91837
0.09997 0.26167
WEIGHTS: None

VERT:
0.03314 -0.02378 0.01597
0.91733 -0.05196 0.39472
0.40479 0.64399
WEIGHTS: None

VERT:
0.02314 -0.02392 0.03918
0.91733 -0.05196 0.39472
0.39641 0.64438
WEIGHTS: None

VERT:
0.00488 -0.50244 0.01864
0.91733 -0.05196 0.39472
0.40853 0.84519
WEIGHTS: None

VERT:
0.00488 -0.50244 0.01864
0.36984 -0.05394 0.92753
0.09704 0.37131
WEIGHTS: None

VERT:
0.02314 -0.02392 0.03918
0.36984 -0.05394 0.92753
0.10628 0.57228
WEIGHTS: None

VERT:
-0.00034 -0.02425 0.04853
0.36984 -0.05394 0.92753
0.11662 0.57144
WEIGHTS: None

VERT:
0.02380 -0.02392 -0.00752
0.92915 -0.00742 -0.36962
0.41532 0.64400
WEIGHTS: None

VERT:
0.03314 -0.02378 0.01597
0.92915 -0.00742 -0.36962
0.40479 0.64399
WEIGHTS: None

VERT:
0.01814 -0.50226 -0.01215
0.92915 -0.00742 -0.36962
0.41964 0.84467
WEIGHTS: None

VERT:
0.00058 -0.02424 -0.01752
0.39442 0.05371 -0.91736
0.21326 0.42923
WEIGHTS: None

VERT:
0.02380 -0.02392 -0.00752
0.39442 0.05371 -0.91736
0.20459 0.43014
WEIGHTS: None

VERT:
0.00574 -0.50243 -0.04330
0.39442 0.05371 -0.91736
0.22798 0.62894
WEIGHTS: None

VERT:
-0.02290 -0.02457 -0.00817
-0.36924 0.09517 -0.92445
0.22367 0.42844
WEIGHTS: None

VERT:
0.00058 -0.02424 -0.01752
-0.36924 0.09517 -0.92445
0.21326 0.42923
WEIGHTS: None

VERT:
-0.02504 -0.50287 -0.05656
-0.36924 0.09517 -0.92445
0.23947 0.62773
WEIGHTS: None

VERT:
-0.06944 -0.50348 -0.01338
-0.91466 0.09317 -0.39334
0.37493 0.36879
WEIGHTS: None

VERT:
-0.03290 -0.02471 0.01504
-0.91466 0.09317 -0.39334
0.36570 0.57032
WEIGHTS: None

VERT:
-0.02290 -0.02457 -0.00817
-0.91466 0.09317 -0.39334
0.37410 0.57024
WEIGHTS: None

VERT:
-0.05705 -0.50331 0.01777
-0.92814 0.04895 0.36899
0.36099 0.36933
WEIGHTS: None

VERT:
-0.02355 -0.02457 0.03853
-0.92814 0.04895 0.36899
0.35518 0.57072
WEIGHTS: None

VERT:
-0.03290 -0.02471 0.01504
-0.92814 0.04895 0.36899
0.36570 0.57032
WEIGHTS: None

VERT:
-0.02627 -0.50287 0.03103
-0.39545 -0.01215 0.91841
0.11075 0.37020
WEIGHTS: None

VERT:
-0.00034 -0.02425 0.04853
-0.39545 -0.01215 0.91841
0.11662 0.57144
WEIGHTS: None

VERT:
-0.02355 -0.02457 0.03853
-0.39545 -0.01215 0.91841
0.12547 0.57039
WEIGHTS: None

VERT:
0.03314 -0.02378 0.01597
0.91713 -0.05596 0.39464
0.40479 0.64399
WEIGHTS: None

VERT:
0.07641 0.52322 -0.00701
0.91713 -0.05596 0.39464
0.40745 0.41375
WEIGHTS: None

VERT:
0.06270 0.52303 0.02482
0.91713 -0.05596 0.39464
0.39596 0.41428
WEIGHTS: None

VERT:
0.02314 -0.02392 0.03918
0.36977 -0.00235 0.92912
0.10628 0.57228
WEIGHTS: None

VERT:
0.06270 0.52303 0.02482
0.36977 -0.00235 0.92912
0.10643 0.80220
WEIGHTS: None

VERT:
0.03050 0.52258 0.03763
0.36977 -0.00235 0.92912
0.12061 0.80105
WEIGHTS: None

VERT:
0.02380 -0.02392 -0.00752
0.92567 -0.08866 -0.36780
0.41532 0.64400
WEIGHTS: None

VERT:
0.06359 0.52304 -0.03921
0.92567 -0.08866 -0.36780
0.42189 0.41376
WEIGHTS: None

VERT:
0.07641 0.52322 -0.00701
0.92567 -0.08866 -0.36780
0.40745 0.41375
WEIGHTS: None

VERT:
0.03177 0.52259 -0.05292
0.39527 -0.08177 -0.91492
0.17575 0.20194
WEIGHTS: None

VERT:
0.06359 0.52304 -0.03921
0.39527 -0.08177 -0.91492
0.16387 0.20319
WEIGHTS: None

VERT:
0.02380 -0.02392 -0.00752
0.39527 -0.08177 -0.91492
0.20459 0.43014
WEIGHTS: None

VERT:
-0.00043 0.52214 -0.04011
-0.36899 -0.03908 -0.92861
0.19003 0.20087
WEIGHTS: None

VERT:
0.03177 0.52259 -0.05292
-0.36899 -0.03908 -0.92861
0.17575 0.20194
WEIGHTS: None

VERT:
0.00058 -0.02424 -0.01752
-0.36899 -0.03908 -0.92861
0.21326 0.42923
WEIGHTS: None

VERT:
-0.01414 0.52195 -0.00828
-0.91838 0.01465 -0.39543
0.38020 0.79958
WEIGHTS: None

VERT:
-0.00043 0.52214 -0.04011
-0.91838 0.01465 -0.39543
0.39172 0.79947
WEIGHTS: None

VERT:
-0.02290 -0.02457 -0.00817
-0.91838 0.01465 -0.39543
0.37410 0.57024
WEIGHTS: None

VERT:
-0.00133 0.52214 0.02392
-0.92820 0.04759 0.36903
0.36579 0.80013
WEIGHTS: None

VERT:
-0.01414 0.52195 -0.00828
-0.92820 0.04759 0.36903
0.38020 0.79958
WEIGHTS: None

VERT:
-0.03290 -0.02471 0.01504
-0.92820 0.04759 0.36903
0.36570 0.57032
WEIGHTS: None

VERT:
-0.00034 -0.02425 0.04853
-0.39575 0.04059 0.91746
0.11662 0.57144
WEIGHTS: None

VERT:
0.03050 0.52258 0.03763
-0.39575 0.04059 0.91746
0.12061 0.80105
WEIGHTS: None

VERT:
-0.00133 0.52214 0.02392
-0.39575 0.04059 0.91746
0.13274 0.79962
WEIGHTS: None

VERT:
0.01525 -0.90998 0.12854
-0.38725 0.23570 0.89134
0.08761 0.20246
WEIGHTS: None

VERT:
0.01153 -0.87620 0.11799
-0.38725 0.23570 0.89134
0.08947 0.21634
WEIGHTS: None

VERT:
-0.05322 -0.87710 0.09011
-0.38725 0.23570 0.89134
0.11413 0.21343
WEIGHTS: None

VERT:
-0.05252 -0.93712 0.10066
-0.15154 0.16947 0.97381
0.11269 0.18847
WEIGHTS: None

VERT:
-0.05322 -0.87710 0.09011
-0.15154 0.16947 0.97381
0.11413 0.21343
WEIGHTS: None

VERT:
-0.18497 -1.03738 0.09749
-0.15154 0.16947 0.97381
0.16387 0.14196
WEIGHTS: None

VERT:
-0.07858 -0.93749 0.03515
0.91295 -0.37978 -0.14932
0.19372 0.62608
WEIGHTS: None

VERT:
-0.13417 -1.07077 0.03428
0.91295 -0.37978 -0.14932
0.19358 0.56897
WEIGHTS: None

VERT:
-0.13302 -1.03872 -0.04021
0.91295 -0.37978 -0.14932
0.16214 0.57945
WEIGHTS: None

VERT:
-0.05139 -0.87709 -0.04014
-0.35602 -0.27189 -0.89405
0.26653 0.78301
WEIGHTS: None

VERT:
0.01336 -0.87618 -0.06621
-0.35602 -0.27189 -0.89405
0.23779 0.78516
WEIGHTS: None

VERT:
0.01267 -0.90996 -0.05566
-0.35602 -0.27189 -0.89405
0.24031 0.79932
WEIGHTS: None

VERT:
-0.13417 -1.07077 0.03428
0.99183 0.12368 -0.03116
0.19358 0.56897
WEIGHTS: None

VERT:
-0.10956 -1.26936 0.02923
0.99183 0.12368 -0.03116
0.20292 0.48661
WEIGHTS: None

VERT:
-0.11358 -1.24918 -0.01854
0.99183 0.12368 -0.03116
0.18229 0.49305
WEIGHTS: None

VERT:
-0.18604 -1.06733 0.02214
-0.98780 -0.15485 -0.01651
0.36540 0.13141
WEIGHTS: None

VERT:
-0.15301 -1.27791 0.02145
-0.98780 -0.15485 -0.01651
0.35957 0.04342
WEIGHTS: None

VERT:
-0.15678 -1.25905 0.06978
-0.98780 -0.15485 -0.01651
0.34055 0.05180
WEIGHTS: None

VERT:
-0.07928 -0.87748 0.02460
-0.71619 0.62788 -0.30470
0.35574 0.21221
WEIGHTS: None

VERT:
-0.05139 -0.87709 -0.04014
-0.71619 0.62788 -0.30470
0.37918 0.21198
WEIGHTS: None

VERT:
-0.18489 -1.03528 -0.05234
-0.71619 0.62788 -0.30470
0.39596 0.14409
WEIGHTS: None

VERT:
-0.07858 -0.93749 0.03515
0.74275 -0.60249 -0.29211
0.19372 0.62608
WEIGHTS: None

VERT:
-0.05252 -0.93712 0.10066
0.74275 -0.60249 -0.29211
0.22288 0.62950
WEIGHTS: None

VERT:
-0.13311 -1.04081 0.10963
0.74275 -0.60249 -0.29211
0.22284 0.58443
WEIGHTS: None

VERT:
-0.07928 -0.87748 0.02460
-0.85636 0.48390 -0.18025
0.35574 0.21221
WEIGHTS: None

VERT:
-0.18604 -1.06733 0.02214
-0.85636 0.48390 -0.18025
0.36540 0.13141
WEIGHTS: None

VERT:
-0.18497 -1.03738 0.09749
-0.85636 0.48390 -0.18025
0.33503 0.14478
WEIGHTS: None

VERT:
-0.05070 -0.93710 -0.02959
0.22222 -0.07854 -0.97183
0.26953 0.80817
WEIGHTS: None

VERT:
-0.13302 -1.03872 -0.04021
0.22222 -0.07854 -0.97183
0.30636 0.84707
WEIGHTS: None

VERT:
-0.18489 -1.03528 -0.05234
0.22222 -0.07854 -0.97183
0.32641 0.84336
WEIGHTS: None

VERT:
-0.05252 -0.93712 0.10066
0.47641 -0.85961 -0.18468
0.47242 0.51083
WEIGHTS: None

VERT:
-0.07858 -0.93749 0.03515
0.47641 -0.85961 -0.18468
0.48200 0.48467
WEIGHTS: None

VERT:
0.01351 -0.88674 0.03649
0.47641 -0.85961 -0.18468
0.45532 0.47857
WEIGHTS: None

VERT:
0.01351 -0.88674 0.03649
0.47092 -0.85974 0.19771
0.25379 0.33595
WEIGHTS: None

VERT:
-0.07858 -0.93749 0.03515
0.47092 -0.85974 0.19771
0.28048 0.34205
WEIGHTS: None

VERT:
-0.05070 -0.93710 -0.02959
0.47092 -0.85974 0.19771
0.26949 0.31458
WEIGHTS: None

VERT:
-0.15678 -1.25905 0.06978
-0.03285 -0.19152 0.98094
0.14317 0.04992
WEIGHTS: None

VERT:
-0.06537 -1.38204 0.04883
-0.03285 -0.19152 0.98094
0.10004 0.00139
WEIGHTS: None

VERT:
-0.05018 -1.36202 0.05324
-0.03285 -0.19152 0.98094
0.09473 0.01034
WEIGHTS: None

VERT:
-0.11358 -1.24918 -0.01854
0.27321 0.00501 -0.96194
0.30861 0.93592
WEIGHTS: None

VERT:
-0.05078 -1.36156 -0.00129
0.27321 0.00501 -0.96194
0.28884 0.98561
WEIGHTS: None

VERT:
-0.06597 -1.38158 -0.00571
0.27321 0.00501 -0.96194
0.29548 0.99330
WEIGHTS: None

VERT:
-0.13417 -1.07077 0.03428
0.99328 0.10204 -0.05456
0.45867 0.95807
WEIGHTS: None

VERT:
-0.13311 -1.04081 0.10963
0.99328 0.10204 -0.05456
0.48792 0.97353
WEIGHTS: None

VERT:
-0.11333 -1.25050 0.07756
0.99328 0.10204 -0.05456
0.48633 0.88536
WEIGHTS: None

VERT:
-0.18604 -1.06733 0.02214
-0.98859 -0.13224 -0.07213
0.36540 0.13141
WEIGHTS: None

VERT:
-0.18489 -1.03528 -0.05234
-0.98859 -0.13224 -0.07213
0.39596 0.14409
WEIGHTS: None

VERT:
-0.15703 -1.25773 -0.02633
-0.98859 -0.13224 -0.07213
0.37966 0.05134
WEIGHTS: None

VERT:
-0.13302 -1.03872 -0.04021
0.19157 -0.08298 -0.97796
0.30636 0.84707
WEIGHTS: None

VERT:
-0.11358 -1.24918 -0.01854
0.19157 -0.08298 -0.97796
0.30861 0.93592
WEIGHTS: None

VERT:
-0.15703 -1.25773 -0.02633
0.19157 -0.08298 -0.97796
0.32607 0.93761
WEIGHTS: None

VERT:
-0.13311 -1.04081 0.10963
-0.23471 -0.14994 0.96043
0.14324 0.14244
WEIGHTS: None

VERT:
-0.18497 -1.03738 0.09749
-0.23471 -0.14994 0.96043
0.16387 0.14196
WEIGHTS: None

VERT:
-0.15678 -1.25905 0.06978
-0.23471 -0.14994 0.96043
0.14317 0.04992
WEIGHTS: None

VERT:
-0.06537 -1.38204 0.04883
0.69947 -0.61211 0.36888
0.22042 0.44158
WEIGHTS: None

VERT:
-0.05665 -1.38861 0.02140
0.69947 -0.61211 0.36888
0.21051 0.43800
WEIGHTS: None

VERT:
-0.04147 -1.36860 0.02582
0.69947 -0.61211 0.36888
0.21297 0.44693
WEIGHTS: None

VERT:
-0.05665 -1.38861 0.02140
0.77183 -0.49850 -0.39468
0.47560 0.82710
WEIGHTS: None

VERT:
-0.06597 -1.38158 -0.00571
0.77183 -0.49850 -0.39468
0.46336 0.82872
WEIGHTS: None

VERT:
-0.05078 -1.36156 -0.00129
0.77183 -0.49850 -0.39468
0.46582 0.83765
WEIGHTS: None

VERT:
-0.15301 -1.27791 0.02145
-0.75176 -0.65432 -0.08196
0.26820 0.43143
WEIGHTS: None

VERT:
-0.05665 -1.38861 0.02140
-0.75176 -0.65432 -0.08196
0.26261 0.37559
WEIGHTS: None

VERT:
-0.06537 -1.38204 0.04883
-0.75176 -0.65432 -0.08196
0.25157 0.38014
WEIGHTS: None

VERT:
-0.10956 -1.26936 0.02923
0.81497 0.56386 -0.13373
0.24966 0.25810
WEIGHTS: None

VERT:
-0.04147 -1.36860 0.02582
0.81497 0.56386 -0.13373
0.25896 0.29989
WEIGHTS: None

VERT:
-0.05078 -1.36156 -0.00129
0.81497 0.56386 -0.13373
0.26786 0.29148
WEIGHTS: None

VERT:
-0.10956 -1.26936 0.02923
0.84974 0.51017 -0.13291
0.20292 0.48661
WEIGHTS: None

VERT:
-0.11333 -1.25050 0.07756
0.84974 0.51017 -0.13291
0.22125 0.49626
WEIGHTS: None

VERT:
-0.05018 -1.36202 0.05324
0.84974 0.51017 -0.13291
0.22288 0.45051
WEIGHTS: None

VERT:
-0.15301 -1.27791 0.02145
-0.77586 -0.60192 -0.18902
0.26820 0.43143
WEIGHTS: None

VERT:
-0.15703 -1.25773 -0.02633
-0.77586 -0.60192 -0.18902
0.28929 0.43625
WEIGHTS: None

VERT:
-0.06597 -1.38158 -0.00571
-0.77586 -0.60192 -0.18902
0.27402 0.38027
WEIGHTS: None

VERT:
0.10491 -0.87490 0.02718
0.85673 0.47844 0.19263
0.27850 0.55521
WEIGHTS: None

VERT:
0.21350 -1.06733 0.02214
0.85673 0.47844 0.19263
0.27755 0.62950
WEIGHTS: None

VERT:
0.21236 -1.03528 -0.05234
0.85673 0.47844 0.19263
0.30955 0.61841
WEIGHTS: None

VERT:
0.21236 -1.03528 -0.05234
-0.22222 -0.07854 -0.97183
0.16387 0.86007
WEIGHTS: None

VERT:
0.16049 -1.03872 -0.04021
-0.22222 -0.07854 -0.97183
0.18626 0.85941
WEIGHTS: None

VERT:
0.07817 -0.93710 -0.02959
-0.22222 -0.07854 -0.97183
0.21680 0.81359
WEIGHTS: None

VERT:
0.16049 -1.03872 -0.04021
-0.91294 -0.37979 -0.14932
0.39749 0.06617
WEIGHTS: None

VERT:
0.16164 -1.07077 0.03428
-0.91294 -0.37979 -0.14932
0.42696 0.08169
WEIGHTS: None

VERT:
0.10605 -0.93749 0.03515
-0.91294 -0.37979 -0.14932
0.42513 0.02593
WEIGHTS: None

VERT:
0.14105 -1.24918 -0.01854
-0.99183 0.12368 -0.03116
0.39856 0.15493
WEIGHTS: None

VERT:
0.13703 -1.26936 0.02923
-0.99183 0.12368 -0.03116
0.41697 0.16473
WEIGHTS: None

VERT:
0.16164 -1.07077 0.03428
-0.99183 0.12368 -0.03116
0.42696 0.08169
WEIGHTS: None

VERT:
0.18425 -1.25905 0.06978
0.98780 -0.15485 -0.01651
0.21112 0.34437
WEIGHTS: None

VERT:
0.18048 -1.27791 0.02145
0.98780 -0.15485 -0.01651
0.19128 0.33611
WEIGHTS: None

VERT:
0.21350 -1.06733 0.02214
0.98780 -0.15485 -0.01651
0.19286 0.42502
WEIGHTS: None

VERT:
0.10605 -0.93749 0.03515
-0.91367 -0.38198 0.13895
0.42513 0.02593
WEIGHTS: None

VERT:
0.16164 -1.07077 0.03428
-0.91367 -0.38198 0.13895
0.42696 0.08169
WEIGHTS: None

VERT:
0.16058 -1.04081 0.10963
-0.91367 -0.38198 0.13895
0.45823 0.07126
WEIGHTS: None

VERT:
0.07999 -0.93712 0.10066
0.20585 0.24204 0.94818
0.05805 0.19303
WEIGHTS: None

VERT:
0.16058 -1.04081 0.10963
0.20585 0.24204 0.94818
0.02215 0.15253
WEIGHTS: None

VERT:
0.21244 -1.03738 0.09749
0.20585 0.24204 0.94818
0.00000 0.15562
WEIGHTS: None

VERT:
0.01267 -0.90996 -0.05566
0.37913 -0.28291 -0.88103
0.24031 0.79932
WEIGHTS: None

VERT:
0.01336 -0.87618 -0.06621
0.37913 -0.28291 -0.88103
0.23779 0.78516
WEIGHTS: None

VERT:
0.07885 -0.87527 -0.03832
0.37913 -0.28291 -0.88103
0.21332 0.78774
WEIGHTS: None

VERT:
0.07764 -1.36202 0.05324
0.03285 -0.19152 0.98094
0.04203 0.01473
WEIGHTS: None

VERT:
0.09283 -1.38204 0.04883
0.03285 -0.19152 0.98094
0.03481 0.00683
WEIGHTS: None

VERT:
0.18425 -1.25905 0.06978
0.03285 -0.19152 0.98094
0.00255 0.06164
WEIGHTS: None

VERT:
0.09344 -1.38158 -0.00571
-0.27321 0.00501 -0.96194
0.23025 1.00000
WEIGHTS: None

VERT:
0.07825 -1.36156 -0.00129
-0.27321 0.00501 -0.96194
0.23604 0.99103
WEIGHTS: None

VERT:
0.14105 -1.24918 -0.01854
-0.27321 0.00501 -0.96194
0.20442 0.94663
WEIGHTS: None

VERT:
0.16164 -1.07077 0.03428
-0.99207 0.12216 0.02957
0.42696 0.08169
WEIGHTS: None

VERT:
0.13703 -1.26936 0.02923
-0.99207 0.12216 0.02957
0.41697 0.16473
WEIGHTS: None

VERT:
0.14080 -1.25050 0.07756
-0.99207 0.12216 0.02957
0.43748 0.15819
WEIGHTS: None

VERT:
0.21350 -1.06733 0.02214
0.98776 -0.15496 0.01760
0.48895 0.79552
WEIGHTS: None

VERT:
0.18048 -1.27791 0.02145
0.98776 -0.15496 0.01760
0.48737 0.70661
WEIGHTS: None

VERT:
0.18450 -1.25773 -0.02633
0.98776 -0.15496 0.01760
0.46817 0.71486
WEIGHTS: None

VERT:
0.18450 -1.25773 -0.02633
-0.19157 -0.08298 -0.97796
0.18632 0.95197
WEIGHTS: None

VERT:
0.14105 -1.24918 -0.01854
-0.19157 -0.08298 -0.97796
0.20442 0.94663
WEIGHTS: None

VERT:
0.16049 -1.03872 -0.04021
-0.19157 -0.08298 -0.97796
0.18626 0.85941
WEIGHTS: None

VERT:
0.16058 -1.04081 0.10963
0.14289 -0.16279 0.97626
0.02215 0.15253
WEIGHTS: None

VERT:
0.14080 -1.25050 0.07756
0.14289 -0.16279 0.97626
0.02130 0.06381
WEIGHTS: None

VERT:
0.18425 -1.25905 0.06978
0.14289 -0.16279 0.97626
0.00255 0.06164
WEIGHTS: None

VERT:
0.06893 -1.36860 0.02582
-0.69947 -0.61211 0.36888
0.40580 0.20624
WEIGHTS: None

VERT:
0.08412 -1.38861 0.02140
-0.69947 -0.61211 0.36888
0.40505 0.21449
WEIGHTS: None

VERT:
0.09283 -1.38204 0.04883
-0.69947 -0.61211 0.36888
0.41726 0.21250
WEIGHTS: None

VERT:
0.09344 -1.38158 -0.00571
-0.77183 -0.49850 -0.39468
0.45119 0.37392
WEIGHTS: None

VERT:
0.09283 -1.38204 0.04883
0.75176 -0.65432 -0.08196
0.19430 0.29099
WEIGHTS: None

VERT:
0.08412 -1.38861 0.02140
0.75176 -0.65432 -0.08196
0.18231 0.28791
WEIGHTS: None

VERT:
0.18048 -1.27791 0.02145
0.75176 -0.65432 -0.08196
0.19128 0.33611
WEIGHTS: None

VERT:
0.07825 -1.36156 -0.00129
-0.81497 0.56386 -0.13373
0.39596 0.20253
WEIGHTS: None

VERT:
0.06893 -1.36860 0.02582
-0.81497 0.56386 -0.13373
0.40580 0.20624
WEIGHTS: None

VERT:
0.13703 -1.26936 0.02923
-0.81497 0.56386 -0.13373
0.41697 0.16473
WEIGHTS: None

VERT:
0.13703 -1.26936 0.02923
-0.81992 0.55830 0.12663
0.41697 0.16473
WEIGHTS: None

VERT:
0.06893 -1.36860 0.02582
-0.81992 0.55830 0.12663
0.40580 0.20624
WEIGHTS: None

VERT:
0.07764 -1.36202 0.05324
-0.81992 0.55830 0.12663
0.41801 0.20425
WEIGHTS: None

VERT:
0.18048 -1.27791 0.02145
0.75131 -0.65399 0.08845
0.19128 0.33611
WEIGHTS: None

VERT:
0.08412 -1.38861 0.02140
0.75131 -0.65399 0.08845
0.18231 0.28791
WEIGHTS: None

VERT:
0.09344 -1.38158 -0.00571
0.75131 -0.65399 0.08845
0.17220 0.29088
WEIGHTS: None

VERT:
0.01525 -0.90998 0.12854
0.44239 0.14613 0.88484
0.08761 0.20246
WEIGHTS: None

VERT:
0.07999 -0.93712 0.10066
0.44239 0.14613 0.88484
0.05805 0.19303
WEIGHTS: None

VERT:
0.07702 -0.87528 0.09193
0.44239 0.14613 0.88484
0.06062 0.21869
WEIGHTS: None

VERT:
0.01396 -0.88674 0.03649
-0.47641 -0.85961 -0.18468
0.49487 0.61435
WEIGHTS: None

VERT:
0.10605 -0.93749 0.03515
-0.47641 -0.85961 -0.18468
0.45119 0.61946
WEIGHTS: None

VERT:
0.07999 -0.93712 0.10066
-0.47641 -0.85961 -0.18468
0.46430 0.64596
WEIGHTS: None

VERT:
0.21244 -1.03738 0.09749
0.85438 0.48692 -0.18148
0.24966 0.62890
WEIGHTS: None

VERT:
0.21350 -1.06733 0.02214
0.85438 0.48692 -0.18148
0.27755 0.62950
WEIGHTS: None

VERT:
0.10491 -0.87490 0.02718
0.85438 0.48692 -0.18148
0.27850 0.55521
WEIGHTS: None

VERT:
0.01396 -0.88674 0.03649
-0.44792 -0.86545 0.22441
0.29335 0.47173
WEIGHTS: None

VERT:
0.01267 -0.90996 -0.05566
-0.44792 -0.86545 0.22441
0.28583 0.43625
WEIGHTS: None

VERT:
0.07817 -0.93710 -0.02959
-0.44792 -0.86545 0.22441
0.25746 0.45008
WEIGHTS: None

INDEX_COUNT: 768
0 1 2 3 4 5 6 7 8 9 10 11 12 13 14 15 16 17 18 19 20 21 22 23 24 25 26 27 28 29 30 31 32 33 34 35 36 37 38 39 40 41 42 43 44 45 46 47 48 49 50 51 52 53 54 55 56 57 58 59 60 61 62 63 64 65 66 67 68 69 70 71 72 73 74 75 76 77 78 79 80 81 82 83 84 85 86 87 88 89 90 91 92 93 94 95 96 97 98 99 100 101 102 103 104 105 106 107 108 109 110 111 112 113 114 115 116 117 118 119 120 121 122 123 124 125 126 127 128 129 130 131 132 133 134 135 136 137 138 139 140 141 142 143 144 145 146 147 148 149 150 151 152 153 154 155 156 157 158 159 160 161 162 163 164 165 166 167 168 169 170 171 172 173 174 175 176 177 178 179 180 181 182 183 184 185 186 187 188 189 190 191 192 193 194 195 196 197 198 199 200 201 202 203 204 205 206 207 208 209 210 211 212 213 214 215 216 217 218 219 220 221 222 223 224 225 226 227 228 229 230 231 232 233 234 235 236 237 238 239 240 241 242 243 244 245 246 247 248 249 250 251 252 253 254 255 256 257 258 259 260 261 262 263 504 505 506 507 508 509 510 511 512 513 514 515 516 517 518 519 520 521 522 523 524 525 526 527 528 529 530 531 532 533 534 535 536 537 538 539 540 541 542 543 544 545 546 547 548 549 550 551 552 553 554 555 556 557 558 559 560 561 562 563 564 565 566 567 568 569 570 571 572 573 574 575 576 577 578 579 580 581 582 583 584 585 586 587 588 589 590 591 592 593 594 595 596 597 598 599 600 601 602 603 604 605 606 607 608 609 610 611 612 613 614 615 616 617 618 619 620 621 622 623 624 625 626 627 628 629 630 631 632 633 634 635 636 637 638 639 640 641 642 643 644 645 646 647 648 649 650 651 652 653 654 655 656 657 658 659 660 661 662 663 664 665 666 667 668 669 670 671 672 673 674 675 676 677 678 679 680 681 682 683 684 685 686 687 688 689 690 691 692 693 694 695 696 697 698 699 700 701 702 703 704 705 706 707 708 709 710 711 712 713 714 715 716 717 718 719 720 721 722 723 724 725 726 727 728 729 730 731 732 733 734 735 736 737 738 739 740 237 741 238 742 743 744 745 746 747 748 749 750 751 752 753 754 755 756 757 758 759 760 761 762 763 764 765 264 265 266 267 268 269 270 271 272 273 274 275 276 277 278 279 280 281 282 283 284 285 286 287 288 289 290 291 292 293 294 295 296 297 298 299 300 301 302 303 304 305 306 307 308 309 310 311 312 313 314 315 316 317 318 319 320 321 322 323 324 325 326 327 328 329 330 331 332 333 334 335 336 337 338 339 340 341 342 343 344 345 346 347 348 349 350 351 352 353 354 355 356 357 358 359 360 361 362 363 364 365 366 367 368 369 370 371 372 373 374 375 376 377 378 379 380 381 382 383 384 385 386 387 388 389 390 391 392 393 394 395 396 397 398 399 400 401 402 403 404 405 406 407 408 409 410 411 412 413 414 415 416 417 418 419 420 421 422 423 424 425 426 427 428 429 430 431 432 433 434 435 436 437 438 439 440 441 442 443 444 445 446 447 448 449 450 451 452 453 454 455 456 457 458 459 460 461 462 463 464 465 466 467 468 469 470 471 472 473 474 475 476 477 478 479 480 481 482 483 484 485 486 487 488 489 490 491 492 493 494 495 496 497 498 499 500 501 502 503 