TEXTURE_DIFFUSE: diff.png
MATERIAL_COLOR 0: 0.588000 0.588000 0.588000 1.000000
MESH_NAME: Hill_desert_004
VERTEX_COUNT: 249
VERT:
9.76266 2.23502 -5.68058
0.41847 0.86705 -0.27037
0.01229 0.98369
COLOR: 0.58800 0.58800 0.58800 1.00000
WEIGHTS: None

VERT:
8.91312 2.23502 -7.29562
0.42493 0.86234 -0.27532
0.01333 0.98544
COLOR: 0.58800 0.58800 0.58800 1.00000
WEIGHTS: None

VERT:
7.92480 2.55431 -7.27382
0.21189 0.96200 -0.17220
0.01447 0.98539
COLOR: 0.58800 0.58800 0.58800 1.00000
WEIGHTS: None

VERT:
8.47427 1.98668 -8.41592
0.40318 0.83120 -0.38283
0.01379 0.98672
COLOR: 0.58800 0.58800 0.58800 1.00000
WEIGHTS: None

VERT:
7.44978 2.23502 -8.75897
0.28742 0.87512 -0.38930
0.01498 0.98707
COLOR: 0.58800 0.58800 0.58800 1.00000
WEIGHTS: None

VERT:
5.92573 2.26299 -9.79087
0.41637 0.81231 -0.40839
0.01667 0.98823
COLOR: 0.58800 0.58800 0.58800 1.00000
WEIGHTS: None

VERT:
6.55231 2.66618 -8.01257
0.30406 0.91237 -0.27411
0.01600 0.98621
COLOR: 0.58800 0.58800 0.58800 1.00000
WEIGHTS: None

VERT:
7.51572 2.93056 -5.86362
0.45441 0.83979 -0.29709
0.01488 0.98387
COLOR: 0.58800 0.58800 0.58800 1.00000
WEIGHTS: None

VERT:
8.81829 2.55431 -5.56894
0.28864 0.94344 -0.16314
0.01338 0.98357
COLOR: 0.58800 0.58800 0.58800 1.00000
WEIGHTS: None

VERT:
4.40415 3.00178 -9.75821
0.46458 0.82415 -0.32395
0.01851 0.98800
COLOR: 0.58800 0.58800 0.58800 1.00000
WEIGHTS: None

VERT:
4.01948 2.34689 -12.03688
0.52576 0.76581 -0.37028
0.01898 0.99053
COLOR: 0.58800 0.58800 0.58800 1.00000
WEIGHTS: None

VERT:
1.96305 2.91411 -13.93024
0.18442 0.87952 -0.43867
0.02166 0.99221
COLOR: 0.58800 0.58800 0.58800 1.00000
WEIGHTS: None

VERT:
2.03182 3.96097 -11.30855
0.20998 0.89862 -0.38522
0.02160 0.98924
COLOR: 0.58800 0.58800 0.58800 1.00000
WEIGHTS: None

VERT:
2.11365 5.07316 -8.74660
0.22245 0.88452 -0.41004
0.02158 0.98628
COLOR: 0.58800 0.58800 0.58800 1.00000
WEIGHTS: None

VERT:
4.73147 3.69185 -7.63102
0.49491 0.76459 -0.41287
0.01817 0.98564
COLOR: 0.58800 0.58800 0.58800 1.00000
WEIGHTS: None

VERT:
-0.01319 3.60574 -11.46137
-0.16830 0.89944 -0.40334
0.02390 0.98959
COLOR: 0.58800 0.58800 0.58800 1.00000
WEIGHTS: None

VERT:
-0.01154 2.49788 -13.90419
-0.24000 0.85014 -0.46868
0.02389 0.99244
COLOR: 0.58800 0.58800 0.58800 1.00000
WEIGHTS: None

VERT:
-1.97902 2.48947 -12.69804
-0.34955 0.80721 -0.47563
0.02616 0.99126
COLOR: 0.58800 0.58800 0.58800 1.00000
WEIGHTS: None

VERT:
-2.02971 3.57211 -10.62613
-0.28469 0.86318 -0.41698
0.02617 0.98876
COLOR: 0.58800 0.58800 0.58800 1.00000
WEIGHTS: None

VERT:
-2.09729 4.50110 -8.57599
-0.25345 0.87169 -0.41942
0.02622 0.98638
COLOR: 0.58800 0.58800 0.58800 1.00000
WEIGHTS: None

VERT:
-0.01319 4.59778 -9.02746
-0.14680 0.90449 -0.40043
0.02393 0.98682
COLOR: 0.58800 0.58800 0.58800 1.00000
WEIGHTS: None

VERT:
-4.31655 3.15826 -9.21228
-0.37468 0.83830 -0.39607
0.02889 0.98747
COLOR: 0.58800 0.58800 0.58800 1.00000
WEIGHTS: None

VERT:
-4.01407 2.38601 -11.05112
-0.39972 0.78817 -0.46799
0.02859 0.98964
COLOR: 0.58800 0.58800 0.58800 1.00000
WEIGHTS: None

VERT:
-6.05230 2.27277 -9.65065
-0.26747 0.85626 -0.44189
0.03095 0.98818
COLOR: 0.58800 0.58800 0.58800 1.00000
WEIGHTS: None

VERT:
-6.61610 2.70530 -7.93491
-0.25619 0.91926 -0.29888
0.03156 0.98622
COLOR: 0.58800 0.58800 0.58800 1.00000
WEIGHTS: None

VERT:
-7.40242 3.10296 -5.85119
-0.33591 0.86744 -0.36703
0.03243 0.98392
COLOR: 0.58800 0.58800 0.58800 1.00000
WEIGHTS: None

VERT:
-4.58687 3.86492 -7.49454
-0.41627 0.78732 -0.45480
0.02913 0.98547
COLOR: 0.58800 0.58800 0.58800 1.00000
WEIGHTS: None

VERT:
-8.67073 2.55431 -7.50912
-0.14957 0.96388 -0.22038
0.03380 0.98569
COLOR: 0.58800 0.58800 0.58800 1.00000
WEIGHTS: None

VERT:
-8.02931 2.23502 -9.18382
-0.15174 0.90055 -0.40741
0.03312 0.98756
COLOR: 0.58800 0.58800 0.58800 1.00000
WEIGHTS: None

VERT:
-9.55751 1.98668 -8.99984
-0.22247 0.88782 -0.40285
0.03483 0.98733
COLOR: 0.58800 0.58800 0.58800 1.00000
WEIGHTS: None

VERT:
-10.41278 2.23502 -7.72048
-0.28473 0.91490 -0.28615
0.03573 0.98586
COLOR: 0.58800 0.58800 0.58800 1.00000
WEIGHTS: None

VERT:
-11.81289 2.27270 -5.78679
-0.31387 0.89621 -0.31352
0.03726 0.98372
COLOR: 0.58800 0.58800 0.58800 1.00000
WEIGHTS: None

VERT:
-9.79549 2.70505 -5.62776
-0.19240 0.94253 -0.27318
0.03502 0.98359
COLOR: 0.58800 0.58800 0.58800 1.00000
WEIGHTS: None

VERT:
12.59700 2.44235 -1.91943
0.33407 0.84605 -0.41545
0.00938 0.97929
COLOR: 0.58800 0.58800 0.58800 1.00000
WEIGHTS: None

VERT:
11.10981 2.23502 -3.85311
0.35147 0.88324 -0.31042
0.01083 0.98161
COLOR: 0.58800 0.58800 0.58800 1.00000
WEIGHTS: None

VERT:
9.70537 2.55431 -3.74641
0.23820 0.95266 -0.18896
0.01237 0.98156
COLOR: 0.58800 0.58800 0.58800 1.00000
WEIGHTS: None

VERT:
8.28609 2.95899 -3.74641
0.45515 0.86803 -0.19840
0.01392 0.98157
COLOR: 0.58800 0.58800 0.58800 1.00000
WEIGHTS: None

VERT:
8.49200 3.33543 -1.86506
0.39926 0.84794 -0.34869
0.01381 0.97948
COLOR: 0.58800 0.58800 0.58800 1.00000
WEIGHTS: None

VERT:
10.52901 2.87179 -1.86506
0.20643 0.90710 -0.36681
0.01164 0.97939
COLOR: 0.58800 0.58800 0.58800 1.00000
WEIGHTS: None

VERT:
5.48785 5.81457 -1.86506
0.54856 0.80680 -0.21944
0.01785 0.97901
COLOR: 0.58800 0.58800 0.58800 1.00000
WEIGHTS: None

VERT:
5.48785 5.55594 -3.74641
0.57624 0.79757 -0.17840
0.01789 0.98102
COLOR: 0.58800 0.58800 0.58800 1.00000
WEIGHTS: None

VERT:
3.74951 6.46721 -3.74641
0.34057 0.92710 -0.15652
0.01994 0.98084
COLOR: 0.58800 0.58800 0.58800 1.00000
WEIGHTS: None

VERT:
5.30387 5.33410 -4.87789
0.54570 0.77182 -0.32635
0.01806 0.98223
COLOR: 0.58800 0.58800 0.58800 1.00000
WEIGHTS: None

VERT:
3.91317 5.97606 -5.35156
0.39798 0.81362 -0.42384
0.01970 0.98257
COLOR: 0.58800 0.58800 0.58800 1.00000
WEIGHTS: None

VERT:
1.90907 6.71047 -5.49715
0.02886 0.95803 -0.28521
0.02191 0.98258
COLOR: 0.58800 0.58800 0.58800 1.00000
WEIGHTS: None

VERT:
1.86816 6.80494 -3.74641
0.01542 0.97917 -0.20244
0.02196 0.98081
COLOR: 0.58800 0.58800 0.58800 1.00000
WEIGHTS: None

VERT:
1.86816 7.54741 -1.86506
0.13919 0.97805 -0.15509
0.02200 0.97875
COLOR: 0.58800 0.58800 0.58800 1.00000
WEIGHTS: None

VERT:
3.74951 6.72292 -1.86506
0.36537 0.91632 -0.16390
0.01990 0.97885
COLOR: 0.58800 0.58800 0.58800 1.00000
WEIGHTS: None

VERT:
-0.01319 6.46721 -3.74641
-0.18729 0.93404 -0.30414
0.02399 0.98095
COLOR: 0.58800 0.58800 0.58800 1.00000
WEIGHTS: None

VERT:
-0.01319 6.12705 -5.54568
-0.20572 0.93942 -0.27416
0.02396 0.98285
COLOR: 0.58800 0.58800 0.58800 1.00000
WEIGHTS: None

VERT:
-1.92834 5.76081 -5.49715
-0.15833 0.96043 -0.22912
0.02602 0.98291
COLOR: 0.58800 0.58800 0.58800 1.00000
WEIGHTS: None

VERT:
-1.89454 5.96063 -3.74641
-0.16061 0.93432 -0.31821
0.02602 0.98108
COLOR: 0.58800 0.58800 0.58800 1.00000
WEIGHTS: None

VERT:
-1.89455 7.14887 -1.86506
-0.20938 0.97342 -0.09276
0.02583 0.97879
COLOR: 0.58800 0.58800 0.58800 1.00000
WEIGHTS: None

VERT:
-0.01319 7.45616 -1.86506
-0.13559 0.98054 -0.14196
0.02389 0.97876
COLOR: 0.58800 0.58800 0.58800 1.00000
WEIGHTS: None

VERT:
-3.77590 5.79176 -3.74641
-0.15036 0.93945 -0.30793
0.02799 0.98101
COLOR: 0.58800 0.58800 0.58800 1.00000
WEIGHTS: None

VERT:
-3.91106 5.53807 -5.35156
-0.24710 0.92217 -0.29756
0.02812 0.98273
COLOR: 0.58800 0.58800 0.58800 1.00000
WEIGHTS: None

VERT:
-5.24160 5.20643 -4.87789
-0.36780 0.86268 -0.34715
0.02959 0.98227
COLOR: 0.58800 0.58800 0.58800 1.00000
WEIGHTS: None

VERT:
-5.45724 5.53782 -3.74641
-0.32902 0.87747 -0.34899
0.02978 0.98100
COLOR: 0.58800 0.58800 0.58800 1.00000
WEIGHTS: None

VERT:
-5.44185 6.34482 -1.86506
-0.26439 0.96234 -0.06327
0.02961 0.97882
COLOR: 0.58800 0.58800 0.58800 1.00000
WEIGHTS: None

VERT:
-3.77590 6.61510 -1.86506
-0.20682 0.97708 -0.05038
0.02786 0.97882
COLOR: 0.58800 0.58800 0.58800 1.00000
WEIGHTS: None

VERT:
-8.41175 5.21303 -1.86506
-0.31872 0.93392 -0.16191
0.03292 0.97887
COLOR: 0.58800 0.58800 0.58800 1.00000
WEIGHTS: None

VERT:
-8.32094 3.86342 -3.74641
-0.30344 0.82033 -0.48475
0.03324 0.98139
COLOR: 0.58800 0.58800 0.58800 1.00000
WEIGHTS: None

VERT:
-10.90551 3.15726 -3.74641
-0.22436 0.86482 -0.44916
0.03609 0.98138
COLOR: 0.58800 0.58800 0.58800 1.00000
WEIGHTS: None

VERT:
-13.60690 2.38576 -3.85311
-0.31987 0.82589 -0.46433
0.03912 0.98148
COLOR: 0.58800 0.58800 0.58800 1.00000
WEIGHTS: None

VERT:
-14.91435 3.17578 -1.91943
-0.39311 0.91185 -0.11832
0.04015 0.97897
COLOR: 0.58800 0.58800 0.58800 1.00000
WEIGHTS: None

VERT:
-11.57656 4.28303 -1.86506
-0.28950 0.94687 -0.14011
0.03645 0.97888
COLOR: 0.58800 0.58800 0.58800 1.00000
WEIGHTS: None

VERT:
14.27854 3.47902 1.94794
0.48130 0.87495 0.05305
0.00828 0.97472
COLOR: 0.58800 0.58800 0.58800 1.00000
WEIGHTS: None

VERT:
13.86666 3.06435 0.01426
0.41114 0.82514 -0.38744
0.00843 0.97686
COLOR: 0.58800 0.58800 0.58800 1.00000
WEIGHTS: None

VERT:
11.23218 3.82422 0.01629
0.24341 0.87564 -0.41714
0.01132 0.97697
COLOR: 0.58800 0.58800 0.58800 1.00000
WEIGHTS: None

VERT:
8.66780 4.46475 0.01629
0.36108 0.83275 -0.41970
0.01412 0.97709
COLOR: 0.58800 0.58800 0.58800 1.00000
WEIGHTS: None

VERT:
8.72482 5.21762 1.89764
0.37829 0.92553 0.01692
0.01441 0.97484
COLOR: 0.58800 0.58800 0.58800 1.00000
WEIGHTS: None

VERT:
11.46029 4.45918 1.89764
0.29171 0.95638 0.01550
0.01139 0.97480
COLOR: 0.58800 0.58800 0.58800 1.00000
WEIGHTS: None

VERT:
5.48785 6.92142 1.89764
0.34277 0.93856 0.04012
0.01821 0.97494
COLOR: 0.58800 0.58800 0.58800 1.00000
WEIGHTS: None

VERT:
5.48785 6.49932 0.01629
0.41612 0.87740 -0.23876
0.01807 0.97692
COLOR: 0.58800 0.58800 0.58800 1.00000
WEIGHTS: None

VERT:
3.04385 7.12554 0.01629
0.19504 0.97836 -0.06904
0.02075 0.97689
COLOR: 0.58800 0.58800 0.58800 1.00000
WEIGHTS: None

VERT:
1.16250 7.29668 0.01629
-0.11427 0.98604 0.12113
0.02274 0.97681
COLOR: 0.58800 0.58800 0.58800 1.00000
WEIGHTS: None

VERT:
1.86816 7.26394 1.89764
-0.05548 0.98791 0.14479
0.02192 0.97487
COLOR: 0.58800 0.58800 0.58800 1.00000
WEIGHTS: None

VERT:
3.74951 7.25637 1.89764
0.11264 0.98951 0.09041
0.02000 0.97494
COLOR: 0.58800 0.58800 0.58800 1.00000
WEIGHTS: None

VERT:
-0.01319 6.94632 0.01629
-0.23936 0.96161 0.13422
0.02398 0.97675
COLOR: 0.58800 0.58800 0.58800 1.00000
WEIGHTS: None

VERT:
-1.89454 6.42006 0.01629
-0.22522 0.96887 0.10276
0.02600 0.97671
COLOR: 0.58800 0.58800 0.58800 1.00000
WEIGHTS: None

VERT:
-1.89455 6.71358 1.89764
-0.18027 0.98145 -0.06522
0.02588 0.97474
COLOR: 0.58800 0.58800 0.58800 1.00000
WEIGHTS: None

VERT:
-0.01319 7.06312 1.89764
-0.13643 0.98979 0.04128
0.02388 0.97479
COLOR: 0.58800 0.58800 0.58800 1.00000
WEIGHTS: None

VERT:
-3.77590 6.06349 0.01629
-0.18883 0.97844 0.08370
0.02799 0.97672
COLOR: 0.58800 0.58800 0.58800 1.00000
WEIGHTS: None

VERT:
-5.39567 5.75194 0.01629
-0.27631 0.95129 0.13674
0.02973 0.97671
COLOR: 0.58800 0.58800 0.58800 1.00000
WEIGHTS: None

VERT:
-5.34950 5.76485 1.89764
-0.40486 0.91387 0.03048
0.02967 0.97469
COLOR: 0.58800 0.58800 0.58800 1.00000
WEIGHTS: None

VERT:
-3.77590 6.27494 1.89764
-0.25161 0.96592 -0.06084
0.02793 0.97473
COLOR: 0.58800 0.58800 0.58800 1.00000
WEIGHTS: None

VERT:
-7.73118 4.50084 1.91545
-0.37490 0.89185 0.25308
0.03251 0.97458
COLOR: 0.58800 0.58800 0.58800 1.00000
WEIGHTS: None

VERT:
-8.13286 4.74058 0.01629
-0.32168 0.92023 0.22293
0.03281 0.97671
COLOR: 0.58800 0.58800 0.58800 1.00000
WEIGHTS: None

VERT:
-11.38445 3.74203 0.01629
-0.30225 0.92246 0.24022
0.03646 0.97671
COLOR: 0.58800 0.58800 0.58800 1.00000
WEIGHTS: None

VERT:
-14.85477 2.53195 0.01426
-0.40450 0.87852 0.25413
0.04040 0.97672
COLOR: 0.58800 0.58800 0.58800 1.00000
WEIGHTS: None

VERT:
-13.90834 2.49199 2.07651
-0.38174 0.89381 0.23532
0.03949 0.97439
COLOR: 0.58800 0.58800 0.58800 1.00000
WEIGHTS: None

VERT:
-10.70117 3.58221 1.96885
-0.29084 0.92515 0.24393
0.03585 0.97451
COLOR: 0.58800 0.58800 0.58800 1.00000
WEIGHTS: None

VERT:
11.55473 2.44235 5.83270
0.32570 0.84048 0.43303
0.01065 0.97001
COLOR: 0.58800 0.58800 0.58800 1.00000
WEIGHTS: None

VERT:
13.19242 3.06435 3.88162
0.37470 0.80557 0.45898
0.00920 0.97248
COLOR: 0.58800 0.58800 0.58800 1.00000
WEIGHTS: None

VERT:
10.85877 3.82422 3.77900
0.24343 0.86328 0.44214
0.01181 0.97257
COLOR: 0.58800 0.58800 0.58800 1.00000
WEIGHTS: None

VERT:
8.57444 4.46475 3.77900
0.34070 0.82063 0.45880
0.01433 0.97257
COLOR: 0.58800 0.58800 0.58800 1.00000
WEIGHTS: None

VERT:
7.71202 3.17231 6.06213
0.32488 0.84755 0.41966
0.01486 0.96959
COLOR: 0.58800 0.58800 0.58800 1.00000
WEIGHTS: None

VERT:
9.84523 2.87179 5.72993
0.20348 0.89633 0.39395
0.01258 0.97006
COLOR: 0.58800 0.58800 0.58800 1.00000
WEIGHTS: None

VERT:
5.30387 5.57367 4.95787
0.32612 0.77528 0.54091
0.01806 0.97144
COLOR: 0.58800 0.58800 0.58800 1.00000
WEIGHTS: None

VERT:
5.48785 6.39211 3.77900
0.32697 0.85112 0.41070
0.01810 0.97293
COLOR: 0.58800 0.58800 0.58800 1.00000
WEIGHTS: None

VERT:
3.74951 6.69669 3.77900
0.09736 0.91432 0.39311
0.01992 0.97289
COLOR: 0.58800 0.58800 0.58800 1.00000
WEIGHTS: None

VERT:
1.86816 6.72899 3.77900
0.02797 0.94653 0.32140
0.02186 0.97282
COLOR: 0.58800 0.58800 0.58800 1.00000
WEIGHTS: None

VERT:
1.90907 5.94306 5.71637
0.15747 0.93047 0.33080
0.02170 0.97061
COLOR: 0.58800 0.58800 0.58800 1.00000
WEIGHTS: None

VERT:
3.91317 5.73631 5.49079
0.22753 0.85873 0.45915
0.01956 0.97085
COLOR: 0.58800 0.58800 0.58800 1.00000
WEIGHTS: None

VERT:
-0.01319 6.81983 3.77900
0.00759 0.98286 0.18418
0.02382 0.97281
COLOR: 0.58800 0.58800 0.58800 1.00000
WEIGHTS: None

VERT:
-1.89454 6.76639 3.77900
-0.10714 0.99189 0.06833
0.02578 0.97280
COLOR: 0.58800 0.58800 0.58800 1.00000
WEIGHTS: None

VERT:
-1.91295 6.48453 5.71637
-0.09799 0.96142 0.25702
0.02577 0.97077
COLOR: 0.58800 0.58800 0.58800 1.00000
WEIGHTS: None

VERT:
-0.01319 6.31580 5.79157
0.11591 0.95989 0.25531
0.02377 0.97062
COLOR: 0.58800 0.58800 0.58800 1.00000
WEIGHTS: None

VERT:
-3.77590 6.36585 3.77900
-0.29472 0.95374 0.05937
0.02779 0.97276
COLOR: 0.58800 0.58800 0.58800 1.00000
WEIGHTS: None

VERT:
-5.33411 5.67680 3.77900
-0.55810 0.81157 0.17286
0.02956 0.97269
COLOR: 0.58800 0.58800 0.58800 1.00000
WEIGHTS: None

VERT:
-5.05007 5.44496 4.95787
-0.59754 0.72240 0.34797
0.02930 0.97141
COLOR: 0.58800 0.58800 0.58800 1.00000
WEIGHTS: None

VERT:
-3.84950 6.07930 5.49079
-0.37316 0.86573 0.33355
0.02783 0.97097
COLOR: 0.58800 0.58800 0.58800 1.00000
WEIGHTS: None

VERT:
-6.65514 3.13681 6.09413
-0.42457 0.84185 0.33321
0.03184 0.96964
COLOR: 0.58800 0.58800 0.58800 1.00000
WEIGHTS: None

VERT:
-7.45363 3.83615 3.85020
-0.41376 0.84001 0.35097
0.03245 0.97230
COLOR: 0.58800 0.58800 0.58800 1.00000
WEIGHTS: None

VERT:
-9.89877 3.13908 4.06381
-0.23626 0.92730 0.29032
0.03518 0.97209
COLOR: 0.58800 0.58800 0.58800 1.00000
WEIGHTS: None

VERT:
-12.55526 2.38121 4.39590
-0.33761 0.90529 0.25783
0.03818 0.97173
COLOR: 0.58800 0.58800 0.58800 1.00000
WEIGHTS: None

VERT:
-11.16430 2.27157 6.58672
-0.29889 0.92744 0.22476
0.03674 0.96927
COLOR: 0.58800 0.58800 0.58800 1.00000
WEIGHTS: None

VERT:
-9.06501 2.70050 6.08758
-0.17370 0.96171 0.21202
0.03442 0.96975
COLOR: 0.58800 0.58800 0.58800 1.00000
WEIGHTS: None

VERT:
9.61300 1.98668 9.24854
0.32290 0.87808 0.35316
0.01268 0.96613
COLOR: 0.58800 0.58800 0.58800 1.00000
WEIGHTS: None

VERT:
10.31190 2.23502 7.81857
0.32991 0.89336 0.30508
0.01196 0.96776
COLOR: 0.58800 0.58800 0.58800 1.00000
WEIGHTS: None

VERT:
8.83727 2.55431 7.82002
0.18667 0.95377 0.23554
0.01362 0.96771
COLOR: 0.58800 0.58800 0.58800 1.00000
WEIGHTS: None

VERT:
6.98036 2.67731 8.54895
0.25237 0.93218 0.25950
0.01565 0.96686
COLOR: 0.58800 0.58800 0.58800 1.00000
WEIGHTS: None

VERT:
6.50009 2.26577 10.56315
0.27702 0.88024 0.38526
0.01616 0.96461
COLOR: 0.58800 0.58800 0.58800 1.00000
WEIGHTS: None

VERT:
8.30326 2.23502 9.71488
0.23094 0.90635 0.35382
0.01416 0.96561
COLOR: 0.58800 0.58800 0.58800 1.00000
WEIGHTS: None

VERT:
4.56409 3.04631 10.17908
0.36276 0.86853 0.33772
0.01840 0.96518
COLOR: 0.58800 0.58800 0.58800 1.00000
WEIGHTS: None

VERT:
4.77146 3.69700 8.29393
0.40815 0.82709 0.38644
0.01823 0.96733
COLOR: 0.58800 0.58800 0.58800 1.00000
WEIGHTS: None

VERT:
2.12365 4.35219 9.85954
0.35056 0.86819 0.35122
0.02134 0.96591
COLOR: 0.58800 0.58800 0.58800 1.00000
WEIGHTS: None

VERT:
2.07181 3.50779 11.92987
0.37299 0.84654 0.37979
0.02135 0.96354
COLOR: 0.58800 0.58800 0.58800 1.00000
WEIGHTS: None

VERT:
2.03525 2.52931 13.86044
0.41944 0.78346 0.45853
0.02132 0.96123
COLOR: 0.58800 0.58800 0.58800 1.00000
WEIGHTS: None

VERT:
4.30828 2.35802 12.10287
0.38241 0.81592 0.43364
0.01864 0.96297
COLOR: 0.58800 0.58800 0.58800 1.00000
WEIGHTS: None

VERT:
-0.01319 3.90823 13.02073
0.17703 0.90490 0.38707
0.02379 0.96260
COLOR: 0.58800 0.58800 0.58800 1.00000
WEIGHTS: None

VERT:
-0.01319 4.84177 10.50823
0.12501 0.93232 0.33935
0.02378 0.96542
COLOR: 0.58800 0.58800 0.58800 1.00000
WEIGHTS: None

VERT:
-2.00494 4.86066 10.07993
-0.27761 0.90577 0.32016
0.02597 0.96589
COLOR: 0.58800 0.58800 0.58800 1.00000
WEIGHTS: None

VERT:
-1.96814 3.97018 12.81141
-0.26318 0.90215 0.34184
0.02594 0.96286
COLOR: 0.58800 0.58800 0.58800 1.00000
WEIGHTS: None

VERT:
-1.96363 2.92451 15.45218
-0.24996 0.85366 0.45692
0.02592 0.95988
COLOR: 0.58800 0.58800 0.58800 1.00000
WEIGHTS: None

VERT:
-0.01154 2.79718 15.36223
0.25563 0.83726 0.48338
0.02378 0.95987
COLOR: 0.58800 0.58800 0.58800 1.00000
WEIGHTS: None

VERT:
-4.07030 3.41622 10.66166
-0.52166 0.80509 0.28232
0.02859 0.96492
COLOR: 0.58800 0.58800 0.58800 1.00000
WEIGHTS: None

VERT:
-4.21750 4.10377 8.41457
-0.54404 0.76871 0.33630
0.02873 0.96742
COLOR: 0.58800 0.58800 0.58800 1.00000
WEIGHTS: None

VERT:
-6.21252 2.76979 8.39290
-0.34377 0.90900 0.23568
0.03132 0.96711
COLOR: 0.58800 0.58800 0.58800 1.00000
WEIGHTS: None

VERT:
-5.95141 2.34481 10.17061
-0.42600 0.82928 0.36169
0.03105 0.96508
COLOR: 0.58800 0.58800 0.58800 1.00000
WEIGHTS: None

VERT:
-3.95251 2.67418 12.97423
-0.55445 0.75904 0.34123
0.02842 0.96231
COLOR: 0.58800 0.58800 0.58800 1.00000
WEIGHTS: None

VERT:
-8.28770 2.55431 7.82652
-0.14176 0.97248 0.18489
0.03359 0.96778
COLOR: 0.58800 0.58800 0.58800 1.00000
WEIGHTS: None

VERT:
-10.10424 2.23502 8.26326
-0.26686 0.92204 0.28040
0.03560 0.96740
COLOR: 0.58800 0.58800 0.58800 1.00000
WEIGHTS: None

VERT:
-9.42038 1.98668 9.25375
-0.21227 0.86872 0.44750
0.03492 0.96623
COLOR: 0.58800 0.58800 0.58800 1.00000
WEIGHTS: None

VERT:
-7.93355 2.23502 9.28354
-0.18265 0.89990 0.39601
0.03325 0.96612
COLOR: 0.58800 0.58800 0.58800 1.00000
WEIGHTS: None

VERT:
11.89232 0.00000 -6.75617
0.59385 0.69991 -0.39683
0.00916 0.98536
COLOR: 0.58800 0.58800 0.58800 1.00000
WEIGHTS: None

VERT:
10.90815 0.00000 -8.62470
0.61872 0.70251 -0.35166
0.01041 0.98746
COLOR: 0.58800 0.58800 0.58800 1.00000
WEIGHTS: None

VERT:
9.90880 1.27716 -7.83161
0.58607 0.73680 -0.33711
0.01194 0.98624
COLOR: 0.58800 0.58800 0.58800 1.00000
WEIGHTS: None

VERT:
10.03723 0.00000 -10.06205
0.49432 0.71439 -0.49527
0.01152 0.98907
COLOR: 0.58800 0.58800 0.58800 1.00000
WEIGHTS: None

VERT:
9.11714 1.27716 -9.13815
0.46658 0.75306 -0.46390
0.01292 0.98767
COLOR: 0.58800 0.58800 0.58800 1.00000
WEIGHTS: None

VERT:
10.80340 1.27715 -6.13315
0.56701 0.73140 -0.37889
0.01083 0.98437
COLOR: 0.58800 0.58800 0.58800 1.00000
WEIGHTS: None

VERT:
8.60815 0.00000 -10.92470
0.38905 0.70555 -0.59232
0.01313 0.99017
COLOR: 0.58800 0.58800 0.58800 1.00000
WEIGHTS: None

VERT:
7.81812 1.27716 -9.92229
0.36990 0.74231 -0.55871
0.01435 0.98863
COLOR: 0.58800 0.58800 0.58800 1.00000
WEIGHTS: None

VERT:
6.75204 0.00000 -12.25631
0.51276 0.69400 -0.50541
0.01524 0.99172
COLOR: 0.58800 0.58800 0.58800 1.00000
WEIGHTS: None

VERT:
6.13094 1.27716 -11.13271
0.48919 0.72142 -0.49015
0.01624 0.99002
COLOR: 0.58800 0.58800 0.58800 1.00000
WEIGHTS: None

VERT:
4.60000 0.00000 -15.10053
0.59193 0.65376 -0.47140
0.01802 0.99465
COLOR: 0.58800 0.58800 0.58800 1.00000
WEIGHTS: None

VERT:
4.17476 1.27716 -13.71808
0.57867 0.69667 -0.42402
0.01870 0.99267
COLOR: 0.58800 0.58800 0.58800 1.00000
WEIGHTS: None

VERT:
2.30000 0.00000 -17.46721
0.20886 0.70545 -0.67729
0.02106 0.99701
COLOR: 0.58800 0.58800 0.58800 1.00000
WEIGHTS: None

VERT:
2.08408 1.75070 -15.86937
0.20286 0.76677 -0.60902
0.02150 0.99454
COLOR: 0.58800 0.58800 0.58800 1.00000
WEIGHTS: None

VERT:
0.00000 0.00000 -17.36621
-0.18023 0.76625 -0.61675
0.02386 0.99702
COLOR: 0.58800 0.58800 0.58800 1.00000
WEIGHTS: None

VERT:
-0.00660 1.27716 -15.77756
-0.26643 0.75946 -0.59349
0.02388 0.99482
COLOR: 0.58800 0.58800 0.58800 1.00000
WEIGHTS: None

VERT:
-2.30000 0.00000 -15.79866
-0.42595 0.70692 -0.56466
0.02674 0.99552
COLOR: 0.58800 0.58800 0.58800 1.00000
WEIGHTS: None

VERT:
-2.09727 1.27716 -14.35267
-0.42135 0.72752 -0.54146
0.02638 0.99345
COLOR: 0.58800 0.58800 0.58800 1.00000
WEIGHTS: None

VERT:
-4.60000 0.00000 -13.76568
-0.45603 0.69543 -0.55534
0.02960 0.99348
COLOR: 0.58800 0.58800 0.58800 1.00000
WEIGHTS: None

VERT:
-4.18795 1.27716 -12.50472
-0.43796 0.72141 -0.53643
0.02893 0.99160
COLOR: 0.58800 0.58800 0.58800 1.00000
WEIGHTS: None

VERT:
-6.90000 0.00000 -12.06642
-0.29718 0.70366 -0.64540
0.03230 0.99170
COLOR: 0.58800 0.58800 0.58800 1.00000
WEIGHTS: None

VERT:
-6.27862 1.27716 -10.96010
-0.29275 0.75147 -0.59126
0.03137 0.98997
COLOR: 0.58800 0.58800 0.58800 1.00000
WEIGHTS: None

VERT:
-9.20000 0.00000 -11.50000
-0.18347 0.69417 -0.69604
0.03487 0.99086
COLOR: 0.58800 0.58800 0.58800 1.00000
WEIGHTS: None

VERT:
-8.36930 1.27716 -10.44523
-0.16998 0.75602 -0.63209
0.03367 0.98923
COLOR: 0.58800 0.58800 0.58800 1.00000
WEIGHTS: None

VERT:
-11.28655 0.00000 -10.92500
-0.36135 0.73704 -0.57113
0.03718 0.98993
COLOR: 0.58800 0.58800 0.58800 1.00000
WEIGHTS: None

VERT:
-10.26595 1.27716 -9.92257
-0.30356 0.78421 -0.54117
0.03573 0.98846
COLOR: 0.58800 0.58800 0.58800 1.00000
WEIGHTS: None

VERT:
-12.94620 0.00000 -9.20000
-0.50440 0.74813 -0.43114
0.03910 0.98798
COLOR: 0.58800 0.58800 0.58800 1.00000
WEIGHTS: None

VERT:
-11.77455 1.27716 -8.35456
-0.46415 0.79203 -0.39655
0.03744 0.98672
COLOR: 0.58800 0.58800 0.58800 1.00000
WEIGHTS: None

VERT:
-14.70485 0.00000 -6.90000
-0.49577 0.74184 -0.45153
0.04112 0.98536
COLOR: 0.58800 0.58800 0.58800 1.00000
WEIGHTS: None

VERT:
-13.37315 1.27715 -6.26388
-0.45689 0.78875 -0.41126
0.03924 0.98438
COLOR: 0.58800 0.58800 0.58800 1.00000
WEIGHTS: None

VERT:
-17.08841 0.00000 -4.60000
-0.50485 0.69184 -0.51622
0.04365 0.98254
COLOR: 0.58800 0.58800 0.58800 1.00000
WEIGHTS: None

VERT:
-15.53978 1.27715 -4.17321
-0.41805 0.75158 -0.51026
0.04152 0.98190
COLOR: 0.58800 0.58800 0.58800 1.00000
WEIGHTS: None

VERT:
-18.87970 0.00000 -2.30000
-0.69054 0.70326 -0.16905
0.04546 0.97962
COLOR: 0.58800 0.58800 0.58800 1.00000
WEIGHTS: None

VERT:
-17.16805 1.95526 -2.08253
-0.59318 0.79235 -0.14256
0.04277 0.97915
COLOR: 0.58800 0.58800 0.58800 1.00000
WEIGHTS: None

VERT:
-18.86154 0.00000 0.00000
-0.59398 0.79448 0.12642
0.04551 0.97686
COLOR: 0.58800 0.58800 0.58800 1.00000
WEIGHTS: None

VERT:
-17.15154 1.27715 0.00815
-0.56466 0.79335 0.22751
0.04321 0.97677
COLOR: 0.58800 0.58800 0.58800 1.00000
WEIGHTS: None

VERT:
-17.64248 -0.00000 2.47410
-0.56656 0.76246 0.31249
0.04438 0.97386
COLOR: 0.58800 0.58800 0.58800 1.00000
WEIGHTS: None

VERT:
-16.04343 1.27715 2.25708
-0.51421 0.80634 0.29226
0.04215 0.97418
COLOR: 0.58800 0.58800 0.58800 1.00000
WEIGHTS: None

VERT:
-15.83108 -0.00000 5.29640
-0.54847 0.75176 0.36612
0.04252 0.97051
COLOR: 0.58800 0.58800 0.58800 1.00000
WEIGHTS: None

VERT:
-14.39689 1.27715 4.82251
-0.49476 0.80249 0.33350
0.04050 0.97121
COLOR: 0.58800 0.58800 0.58800 1.00000
WEIGHTS: None

VERT:
-13.97247 -0.00000 7.94459
-0.54235 0.74959 0.37943
0.04052 0.96743
COLOR: 0.58800 0.58800 0.58800 1.00000
WEIGHTS: None

VERT:
-12.70742 1.27715 7.22970
-0.48709 0.80459 0.33967
0.03869 0.96846
COLOR: 0.58800 0.58800 0.58800 1.00000
WEIGHTS: None

VERT:
-12.61176 -0.00000 9.89639
-0.49235 0.74937 0.44277
0.03897 0.96518
COLOR: 0.58800 0.58800 0.58800 1.00000
WEIGHTS: None

VERT:
-11.47055 1.27715 9.00387
-0.44612 0.79805 0.40509
0.03732 0.96647
COLOR: 0.58800 0.58800 0.58800 1.00000
WEIGHTS: None

VERT:
-11.20294 -0.00000 11.09910
-0.32007 0.72878 0.60534
0.03738 0.96373
COLOR: 0.58800 0.58800 0.58800 1.00000
WEIGHTS: None

VERT:
-10.18995 1.27715 10.09711
-0.26812 0.77487 0.57244
0.03592 0.96520
COLOR: 0.58800 0.58800 0.58800 1.00000
WEIGHTS: None

VERT:
-9.20000 -0.00000 11.50000
-0.22334 0.69577 0.68266
0.03519 0.96295
COLOR: 0.58800 0.58800 0.58800 1.00000
WEIGHTS: None

VERT:
-8.36930 1.27715 10.46153
-0.22723 0.75481 0.61533
0.03395 0.96453
COLOR: 0.58800 0.58800 0.58800 1.00000
WEIGHTS: None

VERT:
-6.90000 -0.00000 12.67170
-0.51286 0.68253 0.52071
0.03267 0.96150
COLOR: 0.58800 0.58800 0.58800 1.00000
WEIGHTS: None

VERT:
-6.27862 1.32189 11.52659
-0.49390 0.72216 0.48430
0.03164 0.96325
COLOR: 0.58800 0.58800 0.58800 1.00000
WEIGHTS: None

VERT:
-4.60000 -0.00000 16.18679
-0.63829 0.62490 0.44954
0.02965 0.95790
COLOR: 0.58800 0.58800 0.58800 1.00000
WEIGHTS: None

VERT:
-4.18795 1.45610 14.72177
-0.62552 0.65808 0.41912
0.02886 0.96004
COLOR: 0.58800 0.58800 0.58800 1.00000
WEIGHTS: None

VERT:
-2.30000 -0.00000 19.23678
-0.22984 0.74744 0.62330
0.02649 0.95485
COLOR: 0.58800 0.58800 0.58800 1.00000
WEIGHTS: None

VERT:
-2.09727 1.54557 17.49417
-0.27570 0.76571 0.58110
0.02613 0.95731
COLOR: 0.58800 0.58800 0.58800 1.00000
WEIGHTS: None

VERT:
0.00000 -0.00000 19.01315
0.22898 0.74844 0.62242
0.02369 0.95498
COLOR: 0.58800 0.58800 0.58800 1.00000
WEIGHTS: None

VERT:
-0.00660 1.45610 17.29090
0.28770 0.75486 0.58941
0.02374 0.95740
COLOR: 0.58800 0.58800 0.58800 1.00000
WEIGHTS: None

VERT:
2.39777 -0.00000 17.08136
0.44007 0.71457 0.54381
0.02063 0.95684
COLOR: 0.58800 0.58800 0.58800 1.00000
WEIGHTS: None

VERT:
2.17295 1.32189 15.53492
0.44689 0.72639 0.52216
0.02104 0.95902
COLOR: 0.58800 0.58800 0.58800 1.00000
WEIGHTS: None

VERT:
4.99107 -0.00000 15.00686
0.41515 0.72873 0.54461
0.01750 0.95900
COLOR: 0.58800 0.58800 0.58800 1.00000
WEIGHTS: None

VERT:
4.53023 1.27715 13.64923
0.40080 0.75632 0.51706
0.01824 0.96095
COLOR: 0.58800 0.58800 0.58800 1.00000
WEIGHTS: None

VERT:
7.48660 -0.00000 13.22735
0.35004 0.73373 0.58233
0.01462 0.96096
COLOR: 0.58800 0.58800 0.58800 1.00000
WEIGHTS: None

VERT:
6.79864 1.27715 12.03167
0.32624 0.77921 0.53516
0.01565 0.96272
COLOR: 0.58800 0.58800 0.58800 1.00000
WEIGHTS: None

VERT:
9.59107 -0.00000 12.18051
0.33188 0.73645 0.58949
0.01225 0.96226
COLOR: 0.58800 0.58800 0.58800 1.00000
WEIGHTS: None

VERT:
8.71158 1.27715 11.08010
0.30350 0.78228 0.54399
0.01353 0.96388
COLOR: 0.58800 0.58800 0.58800 1.00000
WEIGHTS: None

VERT:
11.33480 -0.00000 11.09513
0.45129 0.74823 0.48630
0.01029 0.96361
COLOR: 0.58800 0.58800 0.58800 1.00000
WEIGHTS: None

VERT:
10.29662 1.27715 10.09350
0.41160 0.78875 0.45658
0.01178 0.96506
COLOR: 0.58800 0.58800 0.58800 1.00000
WEIGHTS: None

VERT:
12.74813 -0.00000 9.20000
0.54259 0.74068 0.39622
0.00862 0.96574
COLOR: 0.58800 0.58800 0.58800 1.00000
WEIGHTS: None

VERT:
11.58132 1.27715 8.37085
0.50006 0.77891 0.37846
0.01030 0.96697
COLOR: 0.58800 0.58800 0.58800 1.00000
WEIGHTS: None

VERT:
14.30547 -0.00000 6.90000
0.54038 0.69439 0.47520
0.00680 0.96835
COLOR: 0.58800 0.58800 0.58800 1.00000
WEIGHTS: None

VERT:
12.99693 1.37952 6.28017
0.48036 0.74095 0.46930
0.00874 0.96935
COLOR: 0.58800 0.58800 0.58800 1.00000
WEIGHTS: None

VERT:
16.48124 -0.00000 4.60000
0.60604 0.63587 0.47789
0.00447 0.97120
COLOR: 0.58800 0.58800 0.58800 1.00000
WEIGHTS: None

VERT:
14.97468 1.68664 4.18950
0.53311 0.69136 0.48767
0.00682 0.97197
COLOR: 0.58800 0.58800 0.58800 1.00000
WEIGHTS: None

VERT:
17.95199 -0.00000 2.30000
0.73506 0.66946 0.10728
0.00298 0.97416
COLOR: 0.58800 0.58800 0.58800 1.00000
WEIGHTS: None

VERT:
16.31157 1.89138 2.09882
0.67924 0.72794 0.09346
0.00562 0.97449
COLOR: 0.58800 0.58800 0.58800 1.00000
WEIGHTS: None

VERT:
17.39424 0.00000 0.00000
0.68080 0.66436 -0.30845
0.00344 0.97706
COLOR: 0.58800 0.58800 0.58800 1.00000
WEIGHTS: None

VERT:
15.80458 1.68664 0.00815
0.61419 0.69529 -0.37329
0.00592 0.97690
COLOR: 0.58800 0.58800 0.58800 1.00000
WEIGHTS: None

VERT:
15.67496 0.00000 -2.30000
0.57334 0.67622 -0.46260
0.00515 0.98000
COLOR: 0.58800 0.58800 0.58800 1.00000
WEIGHTS: None

VERT:
14.24178 1.37952 -2.08253
0.51713 0.71010 -0.47785
0.00727 0.97953
COLOR: 0.58800 0.58800 0.58800 1.00000
WEIGHTS: None

VERT:
13.66112 0.00000 -4.60000
0.54859 0.69313 -0.46757
0.00725 0.98282
COLOR: 0.58800 0.58800 0.58800 1.00000
WEIGHTS: None

VERT:
12.41122 1.27715 -4.17321
0.51467 0.73247 -0.44566
0.00910 0.98208
COLOR: 0.58800 0.58800 0.58800 1.00000
WEIGHTS: None

VERT:
4.40415 4.86711 -6.40428
0.46579 0.70845 -0.53023
0.01886 0.98400
COLOR: 0.58800 0.58800 0.58800 1.00000
WEIGHTS: None

VERT:
2.03182 5.97124 -6.98667
0.16145 0.88408 -0.43857
0.02173 0.98424
COLOR: 0.58800 0.58800 0.58800 1.00000
WEIGHTS: None

VERT:
6.30615 4.34655 -5.35156
0.59044 0.70671 -0.38979
0.01669 0.98296
COLOR: 0.58800 0.58800 0.58800 1.00000
WEIGHTS: None

VERT:
-0.01319 5.47106 -7.18080
-0.16014 0.90440 -0.39549
0.02395 0.98469
COLOR: 0.58800 0.58800 0.58800 1.00000
WEIGHTS: None

VERT:
-2.02971 5.25249 -6.98667
-0.18785 0.90576 -0.37988
0.02613 0.98454
COLOR: 0.58800 0.58800 0.58800 1.00000
WEIGHTS: None

VERT:
-4.31655 4.77699 -6.40428
-0.37134 0.79118 -0.48595
0.02866 0.98403
COLOR: 0.58800 0.58800 0.58800 1.00000
WEIGHTS: None

VERT:
-6.13305 4.47476 -5.35156
-0.50931 0.74047 -0.43853
0.03069 0.98295
COLOR: 0.58800 0.58800 0.58800 1.00000
WEIGHTS: None

VERT:
-6.73855 4.77599 -3.74641
-0.46867 0.78353 -0.40796
0.03134 0.98118
COLOR: 0.58800 0.58800 0.58800 1.00000
WEIGHTS: None

VERT:
-6.67699 5.90176 -1.86506
-0.36194 0.92536 -0.11276
0.03094 0.97884
COLOR: 0.58800 0.58800 0.58800 1.00000
WEIGHTS: None

VERT:
-6.49230 5.36076 0.01629
-0.35541 0.91632 0.18451
0.03095 0.97671
COLOR: 0.58800 0.58800 0.58800 1.00000
WEIGHTS: None

VERT:
-6.30761 5.20093 1.89764
-0.48257 0.86305 0.14922
0.03083 0.97464
COLOR: 0.58800 0.58800 0.58800 1.00000
WEIGHTS: None

VERT:
-6.24605 4.75781 3.77900
-0.61046 0.74689 0.26360
0.03088 0.97254
COLOR: 0.58800 0.58800 0.58800 1.00000
WEIGHTS: None

VERT:
-5.70211 4.56556 5.49079
-0.62970 0.66673 0.39869
0.03029 0.97065
COLOR: 0.58800 0.58800 0.58800 1.00000
WEIGHTS: None

VERT:
-4.07030 5.15837 6.86346
-0.49882 0.75458 0.42636
0.02828 0.96932
COLOR: 0.58800 0.58800 0.58800 1.00000
WEIGHTS: None

VERT:
-1.96814 5.77403 7.76580
-0.21473 0.91287 0.34722
0.02587 0.96851
COLOR: 0.58800 0.58800 0.58800 1.00000
WEIGHTS: None

VERT:
-0.01319 5.65037 8.06658
0.12313 0.94178 0.31288
0.02377 0.96813
COLOR: 0.58800 0.58800 0.58800 1.00000
WEIGHTS: None

VERT:
2.03182 5.15737 7.76580
0.27762 0.89602 0.34651
0.02149 0.96829
COLOR: 0.58800 0.58800 0.58800 1.00000
WEIGHTS: None

VERT:
4.40415 4.66504 6.86346
0.36234 0.80693 0.46646
0.01881 0.96911
COLOR: 0.58800 0.58800 0.58800 1.00000
WEIGHTS: None

VERT:
6.30615 4.62388 5.49079
0.45738 0.71752 0.52533
0.01676 0.97062
COLOR: 0.58800 0.58800 0.58800 1.00000
WEIGHTS: None

VERT:
6.94015 5.48442 3.77900
0.48249 0.77364 0.41072
0.01634 0.97277
COLOR: 0.58800 0.58800 0.58800 1.00000
WEIGHTS: None

VERT:
6.94015 6.14011 1.89764
0.48799 0.87250 0.02473
0.01654 0.97491
COLOR: 0.58800 0.58800 0.58800 1.00000
WEIGHTS: None

VERT:
6.94015 5.48442 0.01629
0.51921 0.78815 -0.33051
0.01622 0.97703
COLOR: 0.58800 0.58800 0.58800 1.00000
WEIGHTS: None

VERT:
6.94015 4.50088 -1.86506
0.60284 0.75056 -0.27064
0.01580 0.97927
COLOR: 0.58800 0.58800 0.58800 1.00000
WEIGHTS: None

VERT:
6.94015 4.17304 -3.74641
0.65581 0.73499 -0.17234
0.01581 0.98133
COLOR: 0.58800 0.58800 0.58800 1.00000
WEIGHTS: None

INDEX_COUNT: 1368
0 1 2 1 3 4 5 6 2 6 7 8 7 6 9 6 5 10 11 12 9 12 13 14 13 12 15 12 11 16 17 18 15 18 19 20 19 18 21 18 17 22 23 24 21 24 25 26 25 24 27 24 23 28 29 30 27 30 31 32 33 34 35 34 0 8 7 36 35 36 37 38 39 40 41 40 42 43 44 45 41 45 46 47 46 45 48 45 44 49 50 51 48 51 52 53 52 51 54 51 50 55 56 57 54 57 58 59 60 61 62 61 25 32 31 63 62 63 64 65 66 67 68 67 33 38 37 69 68 69 70 71 72 73 74 73 39 47 46 75 74 75 76 77 76 75 78 75 46 53 52 79 78 79 80 81 80 79 82 79 52 59 58 83 82 83 84 85 86 87 88 87 60 65 64 89 88 89 90 91 92 93 94 93 66 71 70 95 94 95 96 97 98 99 100 99 72 77 76 101 100 101 102 103 102 101 104 101 76 81 80 105 104 105 106 107 106 105 108 105 80 85 84 109 108 109 110 111 112 113 114 113 86 91 90 115 114 115 116 117 118 119 120 119 92 97 96 121 120 121 122 123 122 121 124 121 96 125 126 127 124 127 128 129 128 127 130 127 126 131 132 133 130 133 134 135 134 133 136 133 132 137 112 138 136 138 139 140 139 138 141 138 112 117 116 142 141 142 143 144 145 146 147 146 148 149 3 1 147 1 0 150 148 151 152 151 153 154 5 4 152 4 3 149 153 155 156 155 157 158 11 10 156 10 5 154 157 159 160 159 161 162 17 16 160 16 11 158 161 163 164 163 165 166 23 22 164 22 17 162 165 167 168 167 169 170 29 28 168 28 23 166 169 171 172 171 173 174 31 30 172 30 29 170 173 175 176 175 177 178 64 63 176 63 31 174 177 179 180 179 181 182 90 89 180 89 64 178 181 183 184 183 185 186 116 115 184 115 90 182 185 187 188 187 189 190 143 142 188 142 116 186 189 191 192 191 193 194 139 144 192 144 143 190 193 195 196 195 197 198 134 140 196 140 139 194 197 199 200 199 201 202 128 135 200 135 134 198 201 203 204 203 205 206 122 129 204 129 128 202 205 207 208 207 209 210 118 123 208 123 122 206 209 211 212 211 213 214 92 119 212 119 118 210 213 215 216 215 217 218 66 93 216 93 92 214 217 219 220 219 221 222 33 67 220 67 66 218 221 223 224 223 145 150 0 34 224 34 33 222 7 14 225 14 13 226 44 43 225 43 42 227 13 20 228 20 19 229 50 49 228 49 44 226 19 26 230 26 25 231 56 55 230 55 50 229 25 61 232 61 60 233 58 57 232 57 56 231 60 87 234 87 86 235 84 83 234 83 58 233 86 113 236 113 112 237 110 109 236 109 84 235 112 137 238 137 132 239 106 111 238 111 110 237 132 131 240 131 126 241 102 107 240 107 106 239 126 125 242 125 96 243 98 103 242 103 102 241 96 95 244 95 70 245 72 99 244 99 98 243 70 69 246 69 37 247 39 73 246 73 72 245 37 36 248 36 7 227 42 40 248 40 39 247 2 8 0 4 2 1 2 4 5 8 2 6 9 14 7 10 9 6 9 10 11 14 9 12 15 20 13 16 15 12 15 16 17 20 15 18 21 26 19 22 21 18 21 22 23 26 21 24 27 32 25 28 27 24 27 28 29 32 27 30 35 38 33 8 35 34 35 8 7 38 35 36 41 47 39 43 41 40 41 43 44 47 41 45 48 53 46 49 48 45 48 49 50 53 48 51 54 59 52 55 54 51 54 55 56 59 54 57 62 65 60 32 62 61 62 32 31 65 62 63 68 71 66 38 68 67 68 38 37 71 68 69 74 77 72 47 74 73 74 47 46 77 74 75 78 81 76 53 78 75 78 53 52 81 78 79 82 85 80 59 82 79 82 59 58 85 82 83 88 91 86 65 88 87 88 65 64 91 88 89 94 97 92 71 94 93 94 71 70 97 94 95 100 103 98 77 100 99 100 77 76 103 100 101 104 107 102 81 104 101 104 81 80 107 104 105 108 111 106 85 108 105 108 85 84 111 108 109 114 117 112 91 114 113 114 91 90 117 114 115 120 123 118 97 120 119 120 97 96 123 120 121 124 129 122 125 124 121 124 125 126 129 124 127 130 135 128 131 130 127 130 131 132 135 130 133 136 140 134 137 136 133 136 137 112 140 136 138 141 144 139 117 141 138 141 117 116 144 141 142 147 150 145 149 147 146 147 149 3 150 147 1 152 149 148 154 152 151 152 154 5 149 152 4 156 154 153 158 156 155 156 158 11 154 156 10 160 158 157 162 160 159 160 162 17 158 160 16 164 162 161 166 164 163 164 166 23 162 164 22 168 166 165 170 168 167 168 170 29 166 168 28 172 170 169 174 172 171 172 174 31 170 172 30 176 174 173 178 176 175 176 178 64 174 176 63 180 178 177 182 180 179 180 182 90 178 180 89 184 182 181 186 184 183 184 186 116 182 184 115 188 186 185 190 188 187 188 190 143 186 188 142 192 190 189 194 192 191 192 194 139 190 192 144 196 194 193 198 196 195 196 198 134 194 196 140 200 198 197 202 200 199 200 202 128 198 200 135 204 202 201 206 204 203 204 206 122 202 204 129 208 206 205 210 208 207 208 210 118 206 208 123 212 210 209 214 212 211 212 214 92 210 212 119 216 214 213 218 216 215 216 218 66 214 216 93 220 218 217 222 220 219 220 222 33 218 220 67 224 222 221 150 224 223 224 150 0 222 224 34 225 227 7 226 225 14 225 226 44 227 225 43 228 226 13 229 228 20 228 229 50 226 228 49 230 229 19 231 230 26 230 231 56 229 230 55 232 231 25 233 232 61 232 233 58 231 232 57 234 233 60 235 234 87 234 235 84 233 234 83 236 235 86 237 236 113 236 237 110 235 236 109 238 237 112 239 238 137 238 239 106 237 238 111 240 239 132 241 240 131 240 241 102 239 240 107 242 241 126 243 242 125 242 243 98 241 242 103 244 243 96 245 244 95 244 245 72 243 244 99 246 245 70 247 246 69 246 247 39 245 246 73 248 247 37 227 248 36 248 227 42 247 248 40 