TEXTURE_DIFFUSE: diff.png
MATERIAL_COLOR 0: 0.800000 0.800000 0.800000 1.000000
MESH_NAME: Hill_desert_001
VERTEX_COUNT: 361
VERT:
11.62113 3.65488 -5.83261
0.30161 0.92206 -0.24256
0.01002 0.98797
COLOR: 0.80000 0.80000 0.80000 1.00000
WEIGHTS: None

VERT:
10.53882 2.46351 -7.77943
0.44432 0.74290 -0.50068
0.01054 0.98933
COLOR: 0.80000 0.80000 0.80000 1.00000
WEIGHTS: None

VERT:
8.28792 3.78876 -7.57649
0.12628 0.99097 0.04503
0.01200 0.98945
COLOR: 0.80000 0.80000 0.80000 1.00000
WEIGHTS: None

VERT:
9.62833 2.18979 -9.05807
0.52532 0.76275 -0.37716
0.01080 0.99023
COLOR: 0.80000 0.80000 0.80000 1.00000
WEIGHTS: None

VERT:
7.95472 3.43683 -9.25215
0.22887 0.81309 -0.53526
0.01199 0.99042
COLOR: 0.80000 0.80000 0.80000 1.00000
WEIGHTS: None

VERT:
5.87375 3.43683 -9.47584
-0.09307 0.83389 -0.54403
0.01315 0.99073
COLOR: 0.80000 0.80000 0.80000 1.00000
WEIGHTS: None

VERT:
5.85491 3.78876 -7.92924
-0.23208 0.97039 0.06698
0.01330 0.98984
COLOR: 0.80000 0.80000 0.80000 1.00000
WEIGHTS: None

VERT:
6.18614 3.30805 -6.01356
0.48304 0.77768 -0.40236
0.01326 0.98869
COLOR: 0.80000 0.80000 0.80000 1.00000
WEIGHTS: None

VERT:
9.10368 2.81544 -5.68013
-0.06780 0.97373 0.21738
0.01158 0.98821
COLOR: 0.80000 0.80000 0.80000 1.00000
WEIGHTS: None

VERT:
3.77967 2.81544 -8.98749
0.11256 0.92814 -0.35482
0.01441 0.99071
COLOR: 0.80000 0.80000 0.80000 1.00000
WEIGHTS: None

VERT:
3.88221 2.46351 -10.14689
0.26987 0.82178 -0.50184
0.01430 0.99138
COLOR: 0.80000 0.80000 0.80000 1.00000
WEIGHTS: None

VERT:
1.93540 3.43683 -10.92338
0.13681 0.96741 -0.21305
0.01551 0.99199
COLOR: 0.80000 0.80000 0.80000 1.00000
WEIGHTS: None

VERT:
1.88331 2.81544 -10.10421
-0.02165 0.99971 0.01035
0.01551 0.99138
COLOR: 0.80000 0.80000 0.80000 1.00000
WEIGHTS: None

VERT:
1.92052 3.58515 -9.21949
0.31740 0.60324 -0.73168
0.01556 0.99067
COLOR: 0.80000 0.80000 0.80000 1.00000
WEIGHTS: None

VERT:
3.85357 3.58515 -7.94463
0.51527 0.49533 -0.69938
0.01443 0.98998
COLOR: 0.80000 0.80000 0.80000 1.00000
WEIGHTS: None

VERT:
-0.01305 2.81544 -10.63236
-0.03365 0.99897 0.03044
0.01667 0.99163
COLOR: 0.80000 0.80000 0.80000 1.00000
WEIGHTS: None

VERT:
-0.01142 3.43683 -11.46334
0.05157 0.96503 -0.25700
0.01667 0.99223
COLOR: 0.80000 0.80000 0.80000 1.00000
WEIGHTS: None

VERT:
-2.01779 3.43683 -11.60781
-0.03281 0.95274 -0.30200
0.01782 0.99230
COLOR: 0.80000 0.80000 0.80000 1.00000
WEIGHTS: None

VERT:
-2.14765 2.81544 -10.48378
0.03212 0.99800 -0.05447
0.01788 0.99157
COLOR: 0.80000 0.80000 0.80000 1.00000
WEIGHTS: None

VERT:
-2.30296 3.54145 -9.31438
-0.09054 0.73913 -0.66745
0.01800 0.99080
COLOR: 0.80000 0.80000 0.80000 1.00000
WEIGHTS: None

VERT:
-0.01254 3.58515 -9.68342
0.03676 0.67866 -0.73353
0.01668 0.99093
COLOR: 0.80000 0.80000 0.80000 1.00000
WEIGHTS: None

VERT:
-4.75875 3.60649 -9.57030
-0.21747 0.89668 -0.38558
0.01945 0.99100
COLOR: 0.80000 0.80000 0.80000 1.00000
WEIGHTS: None

VERT:
-4.14329 3.25456 -11.19782
-0.20679 0.85321 -0.47883
0.01904 0.99198
COLOR: 0.80000 0.80000 0.80000 1.00000
WEIGHTS: None

VERT:
-6.12762 2.28776 -10.42890
-0.47745 0.74556 -0.46495
0.02040 0.99181
COLOR: 0.80000 0.80000 0.80000 1.00000
WEIGHTS: None

VERT:
-7.18387 2.61458 -8.40118
-0.51634 0.75084 -0.41186
0.02113 0.99068
COLOR: 0.80000 0.80000 0.80000 1.00000
WEIGHTS: None

VERT:
-8.65189 2.98111 -6.03630
-0.62605 0.66378 -0.40921
0.02211 0.98935
COLOR: 0.80000 0.80000 0.80000 1.00000
WEIGHTS: None

VERT:
-5.30812 4.20142 -8.09033
-0.35473 0.73571 -0.57698
0.01981 0.99007
COLOR: 0.80000 0.80000 0.80000 1.00000
WEIGHTS: None

VERT:
-8.76056 2.01200 -7.48566
-0.29463 0.92378 -0.24459
0.02222 0.99037
COLOR: 0.80000 0.80000 0.80000 1.00000
WEIGHTS: None

VERT:
-7.71050 1.76050 -9.49658
-0.29476 0.87846 -0.37606
0.02146 0.99148
COLOR: 0.80000 0.80000 0.80000 1.00000
WEIGHTS: None

VERT:
-9.12734 1.99485 -8.82466
-0.26681 0.91766 -0.29448
0.02234 0.99118
COLOR: 0.80000 0.80000 0.80000 1.00000
WEIGHTS: None

VERT:
-10.07040 2.00075 -7.20700
-0.27779 0.93851 -0.20504
0.02301 0.99031
COLOR: 0.80000 0.80000 0.80000 1.00000
WEIGHTS: None

VERT:
-11.51479 2.00075 -5.19476
-0.29521 0.93886 -0.17717
0.02404 0.98927
COLOR: 0.80000 0.80000 0.80000 1.00000
WEIGHTS: None

VERT:
-10.20275 2.01200 -5.32759
-0.31640 0.93519 -0.15912
0.02326 0.98922
COLOR: 0.80000 0.80000 0.80000 1.00000
WEIGHTS: None

VERT:
12.57938 3.65488 -1.93898
0.30901 0.95106 0.00161
0.00992 0.98566
COLOR: 0.80000 0.80000 0.80000 1.00000
WEIGHTS: None

VERT:
12.28757 3.65488 -3.88580
0.31630 0.94657 -0.06299
0.00988 0.98679
COLOR: 0.80000 0.80000 0.80000 1.00000
WEIGHTS: None

VERT:
10.11990 2.81544 -3.78377
-0.03076 0.99945 -0.01235
0.01122 0.98698
COLOR: 0.80000 0.80000 0.80000 1.00000
WEIGHTS: None

VERT:
8.14878 3.58515 -3.85716
0.62042 0.61857 -0.48214
0.01242 0.98723
COLOR: 0.80000 0.80000 0.80000 1.00000
WEIGHTS: None

VERT:
9.28929 3.58515 -1.92410
0.64940 0.72632 -0.22524
0.01202 0.98600
COLOR: 0.80000 0.80000 0.80000 1.00000
WEIGHTS: None

VERT:
10.92836 2.81544 -1.88741
-0.06771 0.99762 0.01286
0.01099 0.98580
COLOR: 0.80000 0.80000 0.80000 1.00000
WEIGHTS: None

VERT:
6.34062 8.20336 -2.14427
0.62854 0.77671 -0.04067
0.02549 0.98623
COLOR: 0.80000 0.80000 0.80000 1.00000
WEIGHTS: None

VERT:
6.15295 8.20336 -4.29749
0.67673 0.66557 -0.31473
0.02563 0.98757
COLOR: 0.80000 0.80000 0.80000 1.00000
WEIGHTS: None

VERT:
4.37086 8.97307 -4.37088
0.19948 0.95979 -0.19752
0.02682 0.98755
COLOR: 0.80000 0.80000 0.80000 1.00000
WEIGHTS: None

VERT:
5.51840 7.60470 -5.52611
0.65420 0.38245 -0.65250
0.02590 0.98848
COLOR: 0.80000 0.80000 0.80000 1.00000
WEIGHTS: None

VERT:
4.29696 8.20336 -6.16875
0.29883 0.65451 -0.69449
0.02682 0.98875
COLOR: 0.80000 0.80000 0.80000 1.00000
WEIGHTS: None

VERT:
2.14374 8.20336 -6.36788
0.06599 0.76061 -0.64584
0.02816 0.98889
COLOR: 0.80000 0.80000 0.80000 1.00000
WEIGHTS: None

VERT:
2.18095 8.97307 -4.37088
0.06025 0.93386 -0.35254
0.02817 0.98756
COLOR: 0.80000 0.80000 0.80000 1.00000
WEIGHTS: None

VERT:
2.18095 10.09132 -2.18096
0.04416 0.98454 -0.16949
0.02821 0.98613
COLOR: 0.80000 0.80000 0.80000 1.00000
WEIGHTS: None

VERT:
4.37086 8.97307 -2.18096
0.35477 0.93301 -0.06020
0.02679 0.98622
COLOR: 0.80000 0.80000 0.80000 1.00000
WEIGHTS: None

VERT:
-0.00897 8.97307 -4.37088
-0.13950 0.96201 -0.23468
0.02949 0.98760
COLOR: 0.80000 0.80000 0.80000 1.00000
WEIGHTS: None

VERT:
-0.00948 8.20336 -6.43426
-0.04820 0.80184 -0.59560
0.02951 0.98894
COLOR: 0.80000 0.80000 0.80000 1.00000
WEIGHTS: None

VERT:
-2.23082 7.89337 -6.36788
-0.23983 0.78587 -0.57000
0.03090 0.98890
COLOR: 0.80000 0.80000 0.80000 1.00000
WEIGHTS: None

VERT:
-2.23312 8.60700 -4.37088
-0.22369 0.91702 -0.33020
0.03081 0.98764
COLOR: 0.80000 0.80000 0.80000 1.00000
WEIGHTS: None

VERT:
-2.25024 9.71288 -2.18096
-0.18389 0.97567 -0.11937
0.03078 0.98635
COLOR: 0.80000 0.80000 0.80000 1.00000
WEIGHTS: None

VERT:
-0.00897 8.97307 -2.18096
-0.09263 0.96726 -0.23626
0.02955 0.98632
COLOR: 0.80000 0.80000 0.80000 1.00000
WEIGHTS: None

VERT:
-4.52576 7.50881 -4.37088
-0.48621 0.81341 -0.31930
0.03229 0.98767
COLOR: 0.80000 0.80000 0.80000 1.00000
WEIGHTS: None

VERT:
-4.58841 6.96341 -6.16875
-0.46113 0.71665 -0.52324
0.03246 0.98879
COLOR: 0.80000 0.80000 0.80000 1.00000
WEIGHTS: None

VERT:
-6.27262 5.92942 -5.52611
-0.60266 0.68612 -0.40749
0.03368 0.98842
COLOR: 0.80000 0.80000 0.80000 1.00000
WEIGHTS: None

VERT:
-6.63323 6.00698 -4.29749
-0.67246 0.72061 -0.16888
0.03384 0.98766
COLOR: 0.80000 0.80000 0.80000 1.00000
WEIGHTS: None

VERT:
-6.74170 5.93270 -2.14427
-0.70606 0.70623 0.05210
0.03393 0.98635
COLOR: 0.80000 0.80000 0.80000 1.00000
WEIGHTS: None

VERT:
-4.59423 8.57755 -2.18096
-0.57191 0.81984 0.02795
0.03202 0.98637
COLOR: 0.80000 0.80000 0.80000 1.00000
WEIGHTS: None

VERT:
-9.79436 3.00584 -1.81416
-0.64290 0.76546 0.02726
0.02324 0.98703
COLOR: 0.80000 0.80000 0.80000 1.00000
WEIGHTS: None

VERT:
-9.69944 3.01822 -3.74721
-0.66910 0.72500 -0.16334
0.02293 0.98812
COLOR: 0.80000 0.80000 0.80000 1.00000
WEIGHTS: None

VERT:
-10.99337 2.01200 -3.34399
-0.30820 0.94947 -0.05925
0.02393 0.98813
COLOR: 0.80000 0.80000 0.80000 1.00000
WEIGHTS: None

VERT:
-12.43226 2.00075 -3.22613
-0.38138 0.92437 0.00902
0.02479 0.98823
COLOR: 0.80000 0.80000 0.80000 1.00000
WEIGHTS: None

VERT:
-12.75018 1.25834 -1.27932
-0.41314 0.90420 0.10830
0.02533 0.98712
COLOR: 0.80000 0.80000 0.80000 1.00000
WEIGHTS: None

VERT:
-11.18950 2.01200 -1.44763
-0.45236 0.88810 0.08151
0.02429 0.98703
COLOR: 0.80000 0.80000 0.80000 1.00000
WEIGHTS: None

VERT:
11.99649 2.46351 1.95465
0.58972 0.75837 0.27766
0.01079 0.98338
COLOR: 0.80000 0.80000 0.80000 1.00000
WEIGHTS: None

VERT:
12.53781 3.65487 0.00783
0.22946 0.94570 0.23021
0.01009 0.98455
COLOR: 0.80000 0.80000 0.80000 1.00000
WEIGHTS: None

VERT:
11.12085 2.81544 0.00895
0.07054 0.99688 -0.03531
0.01108 0.98465
COLOR: 0.80000 0.80000 0.80000 1.00000
WEIGHTS: None

VERT:
9.65022 3.58515 0.00895
0.62422 0.75083 -0.21587
0.01205 0.98486
COLOR: 0.80000 0.80000 0.80000 1.00000
WEIGHTS: None

VERT:
9.20848 4.77651 1.94201
0.61476 0.73804 0.27813
0.01293 0.98383
COLOR: 0.80000 0.80000 0.80000 1.00000
WEIGHTS: None

VERT:
10.60511 4.00681 1.90531
0.50847 0.86101 0.01092
0.01201 0.98357
COLOR: 0.80000 0.80000 0.80000 1.00000
WEIGHTS: None

VERT:
6.34062 8.20336 2.16218
0.65162 0.75568 0.06579
0.02549 0.98356
COLOR: 0.80000 0.80000 0.80000 1.00000
WEIGHTS: None

VERT:
6.40318 8.20336 0.00895
0.61339 0.78972 0.00949
0.02545 0.98489
COLOR: 0.80000 0.80000 0.80000 1.00000
WEIGHTS: None

VERT:
4.37086 8.97307 0.00895
0.40628 0.91375 0.00130
0.02678 0.98489
COLOR: 0.80000 0.80000 0.80000 1.00000
WEIGHTS: None

VERT:
2.18095 10.09132 0.00895
0.11664 0.98630 0.11664
0.02819 0.98495
COLOR: 0.80000 0.80000 0.80000 1.00000
WEIGHTS: None

VERT:
2.18095 8.97307 2.19887
0.17854 0.96760 0.17854
0.02805 0.98358
COLOR: 0.80000 0.80000 0.80000 1.00000
WEIGHTS: None

VERT:
4.37086 8.97307 2.19887
0.25024 0.96592 0.06618
0.02678 0.98356
COLOR: 0.80000 0.80000 0.80000 1.00000
WEIGHTS: None

VERT:
-0.00897 10.09132 0.00895
-0.12450 0.99019 -0.06349
0.02939 0.98496
COLOR: 0.80000 0.80000 0.80000 1.00000
WEIGHTS: None

VERT:
-2.23312 8.59049 0.00895
-0.45584 0.88917 0.03983
0.03086 0.98510
COLOR: 0.80000 0.80000 0.80000 1.00000
WEIGHTS: None

VERT:
-2.20744 9.70875 2.19887
-0.30512 0.95231 0.00288
0.03057 0.98379
COLOR: 0.80000 0.80000 0.80000 1.00000
WEIGHTS: None

VERT:
-0.00897 10.09132 2.19887
0.03660 0.99226 0.11863
0.02939 0.98379
COLOR: 0.80000 0.80000 0.80000 1.00000
WEIGHTS: None

VERT:
-4.52576 7.44278 0.00895
-0.57562 0.81716 -0.03031
0.03233 0.98506
COLOR: 0.80000 0.80000 0.80000 1.00000
WEIGHTS: None

VERT:
-6.59695 5.90794 0.00895
-0.68128 0.73165 0.02346
0.03387 0.98505
COLOR: 0.80000 0.80000 0.80000 1.00000
WEIGHTS: None

VERT:
-6.39343 5.90794 2.16217
-0.73957 0.66775 0.08450
0.03377 0.98375
COLOR: 0.80000 0.80000 0.80000 1.00000
WEIGHTS: None

VERT:
-4.42304 8.56104 2.19887
-0.59276 0.80463 0.03490
0.03188 0.98376
COLOR: 0.80000 0.80000 0.80000 1.00000
WEIGHTS: None

VERT:
-9.06245 3.02682 2.03821
-0.67038 0.73586 0.09534
0.02330 0.98473
COLOR: 0.80000 0.80000 0.80000 1.00000
WEIGHTS: None

VERT:
-9.48174 3.00171 0.11890
-0.64120 0.75897 0.11326
0.02332 0.98588
COLOR: 0.80000 0.80000 0.80000 1.00000
WEIGHTS: None

VERT:
-10.84824 2.01200 0.44873
-0.49678 0.86240 0.09737
0.02434 0.98587
COLOR: 0.80000 0.80000 0.80000 1.00000
WEIGHTS: None

VERT:
-12.39597 1.25834 0.66750
-0.33644 0.93611 -0.10254
0.02536 0.98596
COLOR: 0.80000 0.80000 0.80000 1.00000
WEIGHTS: None

VERT:
-11.62447 2.15140 2.53185
-0.33878 0.93338 -0.11848
0.02499 0.98473
COLOR: 0.80000 0.80000 0.80000 1.00000
WEIGHTS: None

VERT:
-10.26275 2.11243 2.29012
-0.36201 0.93080 -0.05059
0.02419 0.98474
COLOR: 0.80000 0.80000 0.80000 1.00000
WEIGHTS: None

VERT:
9.63369 3.65487 5.84828
0.16354 0.98650 -0.00893
0.01249 0.98124
COLOR: 0.80000 0.80000 0.80000 1.00000
WEIGHTS: None

VERT:
10.78905 3.65487 3.90146
0.33082 0.91914 0.21388
0.01190 0.98237
COLOR: 0.80000 0.80000 0.80000 1.00000
WEIGHTS: None

VERT:
9.28887 2.81544 3.80167
-0.02799 0.96845 0.24764
0.01281 0.98239
COLOR: 0.80000 0.80000 0.80000 1.00000
WEIGHTS: None

VERT:
7.94103 3.58515 3.87506
0.58775 0.59760 0.54536
0.01362 0.98254
COLOR: 0.80000 0.80000 0.80000 1.00000
WEIGHTS: None

VERT:
6.00979 3.30805 6.05627
0.55663 0.65017 0.51714
0.01476 0.98130
COLOR: 0.80000 0.80000 0.80000 1.00000
WEIGHTS: None

VERT:
8.00151 2.81544 5.69803
-0.01992 0.99710 0.07341
0.01356 0.98140
COLOR: 0.80000 0.80000 0.80000 1.00000
WEIGHTS: None

VERT:
5.51840 7.60470 5.54593
0.63343 0.46725 0.61681
0.02595 0.98132
COLOR: 0.80000 0.80000 0.80000 1.00000
WEIGHTS: None

VERT:
6.15295 8.20336 4.31540
0.67918 0.66382 0.31314
0.02565 0.98223
COLOR: 0.80000 0.80000 0.80000 1.00000
WEIGHTS: None

VERT:
4.37086 8.97307 4.38879
0.22128 0.95022 0.21936
0.02683 0.98227
COLOR: 0.80000 0.80000 0.80000 1.00000
WEIGHTS: None

VERT:
2.18095 8.97307 4.38879
0.06640 0.96658 0.24761
0.02812 0.98230
COLOR: 0.80000 0.80000 0.80000 1.00000
WEIGHTS: None

VERT:
2.14374 8.20336 6.39334
0.04531 0.79122 0.60985
0.02821 0.98100
COLOR: 0.80000 0.80000 0.80000 1.00000
WEIGHTS: None

VERT:
4.29696 8.20336 6.19097
0.34066 0.68645 0.64245
0.02687 0.98108
COLOR: 0.80000 0.80000 0.80000 1.00000
WEIGHTS: None

VERT:
-0.00897 8.97307 4.38879
-0.07791 0.91168 0.40345
0.02944 0.98239
COLOR: 0.80000 0.80000 0.80000 1.00000
WEIGHTS: None

VERT:
-2.19889 8.59049 4.38879
-0.29752 0.87448 0.38311
0.03076 0.98243
COLOR: 0.80000 0.80000 0.80000 1.00000
WEIGHTS: None

VERT:
-2.21319 7.86861 6.39334
-0.26624 0.78216 0.56333
0.03092 0.98116
COLOR: 0.80000 0.80000 0.80000 1.00000
WEIGHTS: None

VERT:
-0.00948 8.20336 6.46080
-0.06456 0.80867 0.58470
0.02954 0.98105
COLOR: 0.80000 0.80000 0.80000 1.00000
WEIGHTS: None

VERT:
-4.38880 7.44278 4.38879
-0.55955 0.78274 0.27245
0.03223 0.98243
COLOR: 0.80000 0.80000 0.80000 1.00000
WEIGHTS: None

VERT:
-6.32559 5.90794 4.31540
-0.68025 0.72382 0.11555
0.03372 0.98244
COLOR: 0.80000 0.80000 0.80000 1.00000
WEIGHTS: None

VERT:
-6.05526 5.81937 5.54593
-0.65577 0.68531 0.31672
0.03361 0.98168
COLOR: 0.80000 0.80000 0.80000 1.00000
WEIGHTS: None

VERT:
-4.51788 6.86436 6.19097
-0.47579 0.71290 0.51517
0.03247 0.98131
COLOR: 0.80000 0.80000 0.80000 1.00000
WEIGHTS: None

VERT:
-8.08115 3.07774 6.06808
-0.53751 0.76464 0.35553
0.02317 0.98229
COLOR: 0.80000 0.80000 0.80000 1.00000
WEIGHTS: None

VERT:
-8.83734 3.10214 3.93003
-0.68225 0.71724 0.14177
0.02337 0.98363
COLOR: 0.80000 0.80000 0.80000 1.00000
WEIGHTS: None

VERT:
-9.72622 2.41372 4.02156
-0.24884 0.96513 -0.08124
0.02402 0.98368
COLOR: 0.80000 0.80000 0.80000 1.00000
WEIGHTS: None

VERT:
-10.69051 2.60334 4.23129
-0.33054 0.94269 -0.04554
0.02461 0.98362
COLOR: 0.80000 0.80000 0.80000 1.00000
WEIGHTS: None

VERT:
-9.87863 3.05528 5.93073
-0.26491 0.96381 0.02973
0.02432 0.98251
COLOR: 0.80000 0.80000 0.80000 1.00000
WEIGHTS: None

VERT:
-9.14023 2.71501 5.75300
0.02179 0.99049 -0.13587
0.02382 0.98257
COLOR: 0.80000 0.80000 0.80000 1.00000
WEIGHTS: None

VERT:
9.05489 2.18979 9.07200
-0.00873 0.79034 0.61260
0.01322 0.97912
COLOR: 0.80000 0.80000 0.80000 1.00000
WEIGHTS: None

VERT:
9.24857 3.65487 7.79509
0.00153 0.94381 0.33049
0.01275 0.98012
COLOR: 0.80000 0.80000 0.80000 1.00000
WEIGHTS: None

VERT:
7.57239 2.81544 7.59439
-0.07998 0.97646 0.20033
0.01388 0.98025
COLOR: 0.80000 0.80000 0.80000 1.00000
WEIGHTS: None

VERT:
5.67603 2.81544 8.08062
0.18720 0.97450 0.12370
0.01510 0.98011
COLOR: 0.80000 0.80000 0.80000 1.00000
WEIGHTS: None

VERT:
5.82903 3.22198 9.72549
0.23815 0.95090 0.19767
0.01519 0.97910
COLOR: 0.80000 0.80000 0.80000 1.00000
WEIGHTS: None

VERT:
7.77584 2.46351 9.26782
0.24356 0.89608 0.37111
0.01396 0.97921
COLOR: 0.80000 0.80000 0.80000 1.00000
WEIGHTS: None

VERT:
3.77967 2.81544 9.53930
0.09226 0.98809 0.12312
0.01636 0.97946
COLOR: 0.80000 0.80000 0.80000 1.00000
WEIGHTS: None

VERT:
3.85357 3.58514 8.11758
0.51442 0.56784 0.64259
0.01624 0.98038
COLOR: 0.80000 0.80000 0.80000 1.00000
WEIGHTS: None

VERT:
1.92052 3.58514 9.49881
0.28890 0.70401 0.64877
0.01747 0.97979
COLOR: 0.80000 0.80000 0.80000 1.00000
WEIGHTS: None

VERT:
1.88331 2.81544 11.01679
0.00749 0.99816 0.06014
0.01760 0.97881
COLOR: 0.80000 0.80000 0.80000 1.00000
WEIGHTS: None

VERT:
1.93540 3.22198 12.50543
0.18375 0.92478 0.33318
0.01769 0.97792
COLOR: 0.80000 0.80000 0.80000 1.00000
WEIGHTS: None

VERT:
3.88221 3.22198 11.09850
0.18446 0.94575 0.26744
0.01644 0.97853
COLOR: 0.80000 0.80000 0.80000 1.00000
WEIGHTS: None

VERT:
-0.01305 2.81544 11.55943
-0.00204 0.99929 0.03758
0.01874 0.97866
COLOR: 0.80000 0.80000 0.80000 1.00000
WEIGHTS: None

VERT:
-0.01254 3.58514 9.97175
0.00075 0.77549 0.63136
0.01862 0.97967
COLOR: 0.80000 0.80000 0.80000 1.00000
WEIGHTS: None

VERT:
-2.24854 3.53732 9.52231
-0.23396 0.75279 0.61528
0.01988 0.98006
COLOR: 0.80000 0.80000 0.80000 1.00000
WEIGHTS: None

VERT:
-2.11137 2.81544 11.11082
-0.00271 0.99866 0.05163
0.01993 0.97905
COLOR: 0.80000 0.80000 0.80000 1.00000
WEIGHTS: None

VERT:
-2.00872 3.22198 12.67497
-0.17866 0.92045 0.34764
0.01998 0.97811
COLOR: 0.80000 0.80000 0.80000 1.00000
WEIGHTS: None

VERT:
-0.01142 3.22198 13.06482
0.02121 0.92272 0.38489
0.01886 0.97775
COLOR: 0.80000 0.80000 0.80000 1.00000
WEIGHTS: None

VERT:
-4.61361 2.81544 9.61452
-0.03956 0.99734 0.06117
0.02131 0.98004
COLOR: 0.80000 0.80000 0.80000 1.00000
WEIGHTS: None

VERT:
-5.09042 3.39386 8.13638
-0.41519 0.67263 0.61253
0.02146 0.98098
COLOR: 0.80000 0.80000 0.80000 1.00000
WEIGHTS: None

VERT:
-6.91390 2.81544 8.09942
-0.01736 0.99915 -0.03750
0.02259 0.98102
COLOR: 0.80000 0.80000 0.80000 1.00000
WEIGHTS: None

VERT:
-6.15480 3.22198 9.75940
-0.05840 0.97315 0.22265
0.02224 0.97998
COLOR: 0.80000 0.80000 0.80000 1.00000
WEIGHTS: None

VERT:
-4.10701 3.22198 11.23414
-0.18844 0.94817 0.25586
0.02112 0.97904
COLOR: 0.80000 0.80000 0.80000 1.00000
WEIGHTS: None

VERT:
-8.40633 2.81544 7.59439
-0.08948 0.99433 -0.05750
0.02346 0.98139
COLOR: 0.80000 0.80000 0.80000 1.00000
WEIGHTS: None

VERT:
-9.47336 2.46351 7.79509
-0.55069 0.80259 0.22933
0.02414 0.98135
COLOR: 0.80000 0.80000 0.80000 1.00000
WEIGHTS: None

VERT:
-9.16495 2.18979 9.07200
-0.63961 0.74492 0.18971
0.02414 0.98058
COLOR: 0.80000 0.80000 0.80000 1.00000
WEIGHTS: None

VERT:
-8.00064 3.22198 9.26782
-0.25087 0.92564 0.28329
0.02327 0.98035
COLOR: 0.80000 0.80000 0.80000 1.00000
WEIGHTS: None

VERT:
14.60744 0.00000 -6.90000
0.64536 0.71129 -0.27852
0.01387 0.97248
COLOR: 0.80000 0.80000 0.80000 1.00000
WEIGHTS: None

VERT:
13.23566 0.00000 -9.20000
0.54849 0.70986 -0.44188
0.01240 0.97302
COLOR: 0.80000 0.80000 0.80000 1.00000
WEIGHTS: None

VERT:
12.06773 1.40772 -8.38824
0.49518 0.77088 -0.40067
0.01285 0.97409
COLOR: 0.80000 0.80000 0.80000 1.00000
WEIGHTS: None

VERT:
11.35891 0.00000 -10.92500
0.36629 0.68895 -0.62544
0.01113 0.97380
COLOR: 0.80000 0.80000 0.80000 1.00000
WEIGHTS: None

VERT:
10.35567 1.40772 -9.96188
0.35440 0.72188 -0.59438
0.01170 0.97481
COLOR: 0.80000 0.80000 0.80000 1.00000
WEIGHTS: None

VERT:
9.62833 2.18979 -9.05807
0.52532 0.76275 -0.37716
0.01217 0.97548
COLOR: 0.80000 0.80000 0.80000 1.00000
WEIGHTS: None

VERT:
10.53882 2.46351 -7.77943
0.44432 0.74290 -0.50068
0.01306 0.97521
COLOR: 0.80000 0.80000 0.80000 1.00000
WEIGHTS: None

VERT:
11.62113 3.65488 -5.83261
0.30161 0.92206 -0.24256
0.01453 0.97527
COLOR: 0.80000 0.80000 0.80000 1.00000
WEIGHTS: None

VERT:
13.31915 1.40772 -6.29006
0.65412 0.68890 -0.31233
0.01421 0.97362
COLOR: 0.80000 0.80000 0.80000 1.00000
WEIGHTS: None

VERT:
11.35891 0.00000 -10.92500
0.36629 0.68895 -0.62544
0.00988 0.96884
COLOR: 0.80000 0.80000 0.80000 1.00000
WEIGHTS: None

VERT:
9.20000 0.00000 -11.50000
0.14847 0.63293 -0.75984
0.01117 0.96896
COLOR: 0.80000 0.80000 0.80000 1.00000
WEIGHTS: None

VERT:
8.38620 1.40772 -10.48642
0.13801 0.58247 -0.80105
0.01158 0.96793
COLOR: 0.80000 0.80000 0.80000 1.00000
WEIGHTS: None

VERT:
6.90000 0.00000 -11.71161
0.13011 0.62243 -0.77178
0.01249 0.96898
COLOR: 0.80000 0.80000 0.80000 1.00000
WEIGHTS: None

VERT:
6.28801 1.40772 -10.67947
0.11691 0.59530 -0.79495
0.01281 0.96796
COLOR: 0.80000 0.80000 0.80000 1.00000
WEIGHTS: None

VERT:
5.87375 3.43683 -9.47584
-0.09307 0.83389 -0.54403
0.01301 0.96659
COLOR: 0.80000 0.80000 0.80000 1.00000
WEIGHTS: None

VERT:
7.95472 3.43683 -9.25215
0.22887 0.81309 -0.53526
0.01181 0.96655
COLOR: 0.80000 0.80000 0.80000 1.00000
WEIGHTS: None

VERT:
9.62833 2.18979 -9.05807
0.52532 0.76275 -0.37716
0.01074 0.96709
COLOR: 0.80000 0.80000 0.80000 1.00000
WEIGHTS: None

VERT:
10.35567 1.40772 -9.96188
0.35440 0.72188 -0.59438
0.01040 0.96782
COLOR: 0.80000 0.80000 0.80000 1.00000
WEIGHTS: None

VERT:
4.60000 0.00000 -12.34645
0.22565 0.63601 -0.73795
0.01385 0.96916
COLOR: 0.80000 0.80000 0.80000 1.00000
WEIGHTS: None

VERT:
4.18984 1.40772 -11.25859
0.26756 0.65253 -0.70895
0.01406 0.96813
COLOR: 0.80000 0.80000 0.80000 1.00000
WEIGHTS: None

VERT:
2.30000 0.00000 -13.12310
0.22506 0.63802 -0.73639
0.01523 0.96941
COLOR: 0.80000 0.80000 0.80000 1.00000
WEIGHTS: None

VERT:
2.09166 1.40772 -11.96710
0.24486 0.55174 -0.79726
0.01533 0.96835
COLOR: 0.80000 0.80000 0.80000 1.00000
WEIGHTS: None

VERT:
1.93540 3.43683 -10.92338
0.13681 0.96741 -0.21305
0.01550 0.96703
COLOR: 0.80000 0.80000 0.80000 1.00000
WEIGHTS: None

VERT:
3.88221 2.46351 -10.14689
0.26987 0.82178 -0.50184
0.01418 0.96723
COLOR: 0.80000 0.80000 0.80000 1.00000
WEIGHTS: None

VERT:
0.00000 0.00000 -13.76016
0.14483 0.64594 -0.74953
0.01659 0.96964
COLOR: 0.80000 0.80000 0.80000 1.00000
WEIGHTS: None

VERT:
-0.00652 1.40772 -12.54826
0.15666 0.56566 -0.80962
0.01659 0.96856
COLOR: 0.80000 0.80000 0.80000 1.00000
WEIGHTS: None

VERT:
-2.30000 0.00000 -14.04380
-0.00565 0.66046 -0.75084
0.01792 0.96977
COLOR: 0.80000 0.80000 0.80000 1.00000
WEIGHTS: None

VERT:
-2.10470 1.40772 -12.80701
-0.00887 0.60044 -0.79962
0.01783 0.96867
COLOR: 0.80000 0.80000 0.80000 1.00000
WEIGHTS: None

VERT:
-2.01779 3.43683 -11.60781
-0.03281 0.95274 -0.30200
0.01780 0.96730
COLOR: 0.80000 0.80000 0.80000 1.00000
WEIGHTS: None

VERT:
-0.01142 3.43683 -11.46334
0.05157 0.96503 -0.25700
0.01664 0.96723
COLOR: 0.80000 0.80000 0.80000 1.00000
WEIGHTS: None

VERT:
-4.60000 0.00000 -13.76016
-0.16064 0.68136 -0.71410
0.01926 0.96970
COLOR: 0.80000 0.80000 0.80000 1.00000
WEIGHTS: None

VERT:
-4.20288 1.40772 -12.54826
-0.20571 0.65266 -0.72919
0.01907 0.96861
COLOR: 0.80000 0.80000 0.80000 1.00000
WEIGHTS: None

VERT:
-6.90000 0.00000 -13.12310
-0.24181 0.75950 -0.60390
0.02063 0.96952
COLOR: 0.80000 0.80000 0.80000 1.00000
WEIGHTS: None

VERT:
-6.22533 1.30729 -11.91212
-0.29757 0.77200 -0.56166
0.02031 0.96845
COLOR: 0.80000 0.80000 0.80000 1.00000
WEIGHTS: None

VERT:
-6.12762 2.28776 -10.42890
-0.47745 0.74556 -0.46495
0.02041 0.96741
COLOR: 0.80000 0.80000 0.80000 1.00000
WEIGHTS: None

VERT:
-4.14329 3.25456 -11.19782
-0.20679 0.85321 -0.47883
0.01906 0.96727
COLOR: 0.80000 0.80000 0.80000 1.00000
WEIGHTS: None

VERT:
-9.20000 0.00000 -12.34645
-0.23625 0.88484 -0.40155
0.02204 0.96934
COLOR: 0.80000 0.80000 0.80000 1.00000
WEIGHTS: None

VERT:
-8.09629 1.00600 -11.03871
-0.31175 0.84282 -0.43870
0.02153 0.96829
COLOR: 0.80000 0.80000 0.80000 1.00000
WEIGHTS: None

VERT:
-11.41924 0.00000 -11.13661
-0.19915 0.94909 -0.24408
0.02347 0.96896
COLOR: 0.80000 0.80000 0.80000 1.00000
WEIGHTS: None

VERT:
-9.89358 0.70471 -9.77012
-0.39153 0.84278 -0.36935
0.02278 0.96790
COLOR: 0.80000 0.80000 0.80000 1.00000
WEIGHTS: None

VERT:
-9.12734 1.99485 -8.82466
-0.26681 0.91766 -0.29448
0.02238 0.96695
COLOR: 0.80000 0.80000 0.80000 1.00000
WEIGHTS: None

VERT:
-7.71050 1.76050 -9.49658
-0.29476 0.87846 -0.37606
0.02151 0.96725
COLOR: 0.80000 0.80000 0.80000 1.00000
WEIGHTS: None

VERT:
-11.41924 0.00000 -11.13661
-0.19915 0.94909 -0.24408
0.02258 0.97015
COLOR: 0.80000 0.80000 0.80000 1.00000
WEIGHTS: None

VERT:
-13.47694 0.00000 -9.20000
-0.20223 0.96319 -0.17711
0.02376 0.97128
COLOR: 0.80000 0.80000 0.80000 1.00000
WEIGHTS: None

VERT:
-11.69499 0.60428 -7.94847
-0.35302 0.89090 -0.28578
0.02448 0.97018
COLOR: 0.80000 0.80000 0.80000 1.00000
WEIGHTS: None

VERT:
-15.16962 0.00000 -6.90000
-0.22733 0.96414 -0.13694
0.02513 0.97221
COLOR: 0.80000 0.80000 0.80000 1.00000
WEIGHTS: None

VERT:
-13.23914 0.60428 -5.85029
-0.37402 0.90026 -0.22280
0.02574 0.97103
COLOR: 0.80000 0.80000 0.80000 1.00000
WEIGHTS: None

VERT:
-11.51479 2.00075 -5.19476
-0.29521 0.93886 -0.17717
0.02623 0.96977
COLOR: 0.80000 0.80000 0.80000 1.00000
WEIGHTS: None

VERT:
-10.07040 2.00075 -7.20700
-0.27779 0.93851 -0.20504
0.02503 0.96898
COLOR: 0.80000 0.80000 0.80000 1.00000
WEIGHTS: None

VERT:
-9.12734 1.99485 -8.82466
-0.26681 0.91766 -0.29448
0.02409 0.96843
COLOR: 0.80000 0.80000 0.80000 1.00000
WEIGHTS: None

VERT:
-9.89358 0.70471 -9.77012
-0.39153 0.84278 -0.36935
0.02337 0.96917
COLOR: 0.80000 0.80000 0.80000 1.00000
WEIGHTS: None

VERT:
-16.29376 0.00000 -4.60000
-0.25183 0.96408 -0.08442
0.02647 0.97285
COLOR: 0.80000 0.80000 0.80000 1.00000
WEIGHTS: None

VERT:
-14.26464 0.60428 -3.75211
-0.37879 0.92126 -0.08830
0.02700 0.97162
COLOR: 0.80000 0.80000 0.80000 1.00000
WEIGHTS: None

VERT:
-16.71370 0.00000 -2.30000
-0.27841 0.96043 -0.00801
0.02780 0.97313
COLOR: 0.80000 0.80000 0.80000 1.00000
WEIGHTS: None

VERT:
-14.64772 0.60428 -1.65393
-0.30225 0.95322 0.00360
0.02823 0.97189
COLOR: 0.80000 0.80000 0.80000 1.00000
WEIGHTS: None

VERT:
-12.75018 1.25834 -1.27932
-0.41314 0.90420 0.10830
0.02851 0.97074
COLOR: 0.80000 0.80000 0.80000 1.00000
WEIGHTS: None

VERT:
-12.43226 2.00075 -3.22613
-0.38138 0.92437 0.00902
0.02739 0.97028
COLOR: 0.80000 0.80000 0.80000 1.00000
WEIGHTS: None

VERT:
-16.29376 0.00000 0.00000
-0.30842 0.94784 0.08045
0.02914 0.97296
COLOR: 0.80000 0.80000 0.80000 1.00000
WEIGHTS: None

VERT:
-14.26464 0.60428 0.44425
-0.34510 0.93667 0.05965
0.02946 0.97175
COLOR: 0.80000 0.80000 0.80000 1.00000
WEIGHTS: None

VERT:
-15.16962 -0.00000 2.30000
-0.38499 0.90234 0.19381
0.03052 0.97241
COLOR: 0.80000 0.80000 0.80000 1.00000
WEIGHTS: None

VERT:
-13.31487 0.70471 2.48746
-0.50283 0.84343 0.18915
0.03070 0.97126
COLOR: 0.80000 0.80000 0.80000 1.00000
WEIGHTS: None

VERT:
-11.62447 2.15140 2.53185
-0.33878 0.93338 -0.11848
0.03074 0.96996
COLOR: 0.80000 0.80000 0.80000 1.00000
WEIGHTS: None

VERT:
-12.39597 1.25834 0.66750
-0.33644 0.93611 -0.10254
0.02965 0.97061
COLOR: 0.80000 0.80000 0.80000 1.00000
WEIGHTS: None

VERT:
-13.47694 -0.00000 4.60000
-0.52529 0.78282 0.33356
0.03196 0.97160
COLOR: 0.80000 0.80000 0.80000 1.00000
WEIGHTS: None

VERT:
-11.99794 1.00600 4.42072
-0.62568 0.72630 0.28463
0.03189 0.97056
COLOR: 0.80000 0.80000 0.80000 1.00000
WEIGHTS: None

VERT:
-11.99424 -0.00000 6.90000
-0.68693 0.67816 0.26119
0.03340 0.97093
COLOR: 0.80000 0.80000 0.80000 1.00000
WEIGHTS: None

VERT:
-10.87255 1.30729 6.35399
-0.72248 0.63933 0.26320
0.03305 0.96995
COLOR: 0.80000 0.80000 0.80000 1.00000
WEIGHTS: None

VERT:
-9.87863 3.05528 5.93073
-0.26491 0.96381 0.02973
0.03271 0.96882
COLOR: 0.80000 0.80000 0.80000 1.00000
WEIGHTS: None

VERT:
-10.69051 2.60334 4.23129
-0.33054 0.94269 -0.04554
0.03173 0.96937
COLOR: 0.80000 0.80000 0.80000 1.00000
WEIGHTS: None

VERT:
-11.50000 -0.00000 9.20000
-0.73652 0.64347 0.20853
0.03473 0.97070
COLOR: 0.80000 0.80000 0.80000 1.00000
WEIGHTS: None

VERT:
-10.49742 1.40772 8.39720
-0.68708 0.70393 0.18001
0.03423 0.96973
COLOR: 0.80000 0.80000 0.80000 1.00000
WEIGHTS: None

VERT:
-10.92500 -0.00000 10.92500
-0.51063 0.69161 0.51082
0.03575 0.97044
COLOR: 0.80000 0.80000 0.80000 1.00000
WEIGHTS: None

VERT:
-9.97288 1.40772 9.97083
-0.50820 0.72024 0.47221
0.03515 0.96949
COLOR: 0.80000 0.80000 0.80000 1.00000
WEIGHTS: None

VERT:
-9.16495 2.18979 9.07200
-0.63961 0.74492 0.18971
0.03463 0.96884
COLOR: 0.80000 0.80000 0.80000 1.00000
WEIGHTS: None

VERT:
-9.47336 2.46351 7.79509
-0.55069 0.80259 0.22933
0.03386 0.96889
COLOR: 0.80000 0.80000 0.80000 1.00000
WEIGHTS: None

VERT:
-10.92500 -0.00000 10.92500
-0.51063 0.69161 0.51082
0.02467 0.97690
COLOR: 0.80000 0.80000 0.80000 1.00000
WEIGHTS: None

VERT:
-9.20000 -0.00000 11.50000
-0.21741 0.64592 0.73179
0.02363 0.97670
COLOR: 0.80000 0.80000 0.80000 1.00000
WEIGHTS: None

VERT:
-8.39924 1.40772 10.49538
-0.21968 0.61145 0.76017
0.02317 0.97771
COLOR: 0.80000 0.80000 0.80000 1.00000
WEIGHTS: None

VERT:
-6.90000 -0.00000 12.07053
-0.31936 0.65147 0.68818
0.02227 0.97649
COLOR: 0.80000 0.80000 0.80000 1.00000
WEIGHTS: None

VERT:
-6.30106 1.40772 11.01585
-0.35200 0.59922 0.71905
0.02192 0.97750
COLOR: 0.80000 0.80000 0.80000 1.00000
WEIGHTS: None

VERT:
-6.15480 3.22198 9.75940
-0.05840 0.97315 0.22265
0.02179 0.97877
COLOR: 0.80000 0.80000 0.80000 1.00000
WEIGHTS: None

VERT:
-8.00064 3.22198 9.26782
-0.25087 0.92564 0.28329
0.02288 0.97898
COLOR: 0.80000 0.80000 0.80000 1.00000
WEIGHTS: None

VERT:
-9.16495 2.18979 9.07200
-0.63961 0.74492 0.18971
0.02371 0.97861
COLOR: 0.80000 0.80000 0.80000 1.00000
WEIGHTS: None

VERT:
-9.97288 1.40772 9.97083
-0.50820 0.72024 0.47221
0.02412 0.97789
COLOR: 0.80000 0.80000 0.80000 1.00000
WEIGHTS: None

VERT:
-4.60000 -0.00000 13.78214
-0.44883 0.65078 0.61241
0.02075 0.97583
COLOR: 0.80000 0.80000 0.80000 1.00000
WEIGHTS: None

VERT:
-4.20288 1.40772 12.57726
-0.47192 0.59680 0.64894
0.02054 0.97691
COLOR: 0.80000 0.80000 0.80000 1.00000
WEIGHTS: None

VERT:
-2.30000 -0.00000 15.44813
-0.27299 0.68558 0.67487
0.01924 0.97518
COLOR: 0.80000 0.80000 0.80000 1.00000
WEIGHTS: None

VERT:
-2.10470 1.40772 14.09706
-0.30533 0.64368 0.70174
0.01914 0.97632
COLOR: 0.80000 0.80000 0.80000 1.00000
WEIGHTS: None

VERT:
-2.00872 3.22198 12.67497
-0.17866 0.92045 0.34764
0.01907 0.97767
COLOR: 0.80000 0.80000 0.80000 1.00000
WEIGHTS: None

VERT:
-4.10701 3.22198 11.23414
-0.18844 0.94817 0.25586
0.02044 0.97822
COLOR: 0.80000 0.80000 0.80000 1.00000
WEIGHTS: None

VERT:
0.00000 -0.00000 15.88182
0.03068 0.70213 0.71139
0.01789 0.97501
COLOR: 0.80000 0.80000 0.80000 1.00000
WEIGHTS: None

VERT:
-0.00652 1.40772 14.49270
0.03575 0.66521 0.74580
0.01789 0.97617
COLOR: 0.80000 0.80000 0.80000 1.00000
WEIGHTS: None

VERT:
2.30000 -0.00000 15.22006
0.30505 0.67774 0.66903
0.01652 0.97527
COLOR: 0.80000 0.80000 0.80000 1.00000
WEIGHTS: None

VERT:
2.09166 1.40772 13.88900
0.33629 0.63571 0.69483
0.01663 0.97640
COLOR: 0.80000 0.80000 0.80000 1.00000
WEIGHTS: None

VERT:
1.93540 3.22198 12.50543
0.18375 0.92478 0.33318
0.01674 0.97773
COLOR: 0.80000 0.80000 0.80000 1.00000
WEIGHTS: None

VERT:
-0.01142 3.22198 13.06482
0.02121 0.92272 0.38489
0.01790 0.97752
COLOR: 0.80000 0.80000 0.80000 1.00000
WEIGHTS: None

VERT:
4.60000 -0.00000 13.59968
0.43307 0.65189 0.62249
0.01502 0.97590
COLOR: 0.80000 0.80000 0.80000 1.00000
WEIGHTS: None

VERT:
4.18984 1.40772 12.41082
0.45241 0.61168 0.64898
0.01524 0.97697
COLOR: 0.80000 0.80000 0.80000 1.00000
WEIGHTS: None

VERT:
6.90000 -0.00000 12.02492
0.29729 0.65073 0.69869
0.01352 0.97650
COLOR: 0.80000 0.80000 0.80000 1.00000
WEIGHTS: None

VERT:
6.28801 1.40772 10.97424
0.34563 0.64261 0.68381
0.01387 0.97752
COLOR: 0.80000 0.80000 0.80000 1.00000
WEIGHTS: None

VERT:
5.82903 3.22198 9.72549
0.23815 0.95090 0.19767
0.01418 0.97879
COLOR: 0.80000 0.80000 0.80000 1.00000
WEIGHTS: None

VERT:
3.88221 3.22198 11.09850
0.18446 0.94575 0.26744
0.01545 0.97827
COLOR: 0.80000 0.80000 0.80000 1.00000
WEIGHTS: None

VERT:
9.20000 -0.00000 11.50000
0.21189 0.64590 0.73343
0.01216 0.97669
COLOR: 0.80000 0.80000 0.80000 1.00000
WEIGHTS: None

VERT:
8.38620 1.40772 10.49538
0.19155 0.72421 0.66244
0.01263 0.97769
COLOR: 0.80000 0.80000 0.80000 1.00000
WEIGHTS: None

VERT:
10.92500 -0.00000 10.92500
0.51212 0.61952 0.59492
0.01113 0.97690
COLOR: 0.80000 0.80000 0.80000 1.00000
WEIGHTS: None

VERT:
9.95983 1.40772 9.97083
0.25415 0.70895 0.65788
0.01169 0.97788
COLOR: 0.80000 0.80000 0.80000 1.00000
WEIGHTS: None

VERT:
9.05489 2.18979 9.07200
-0.00873 0.79034 0.61260
0.01218 0.97860
COLOR: 0.80000 0.80000 0.80000 1.00000
WEIGHTS: None

VERT:
7.77584 2.46351 9.26782
0.24356 0.89608 0.37111
0.01295 0.97864
COLOR: 0.80000 0.80000 0.80000 1.00000
WEIGHTS: None

VERT:
10.92500 -0.00000 10.92500
0.51212 0.61952 0.59492
0.02465 0.97354
COLOR: 0.80000 0.80000 0.80000 1.00000
WEIGHTS: None

VERT:
11.50000 -0.00000 9.20000
0.87309 0.45254 0.18146
0.02360 0.97340
COLOR: 0.80000 0.80000 0.80000 1.00000
WEIGHTS: None

VERT:
10.48438 2.59908 8.39720
0.70009 0.64417 0.30810
0.02310 0.97494
COLOR: 0.80000 0.80000 0.80000 1.00000
WEIGHTS: None

VERT:
11.93391 -0.00000 6.90000
0.71959 0.64665 0.25304
0.02225 0.97326
COLOR: 0.80000 0.80000 0.80000 1.00000
WEIGHTS: None

VERT:
10.88021 1.40772 6.29902
0.81307 0.54259 0.21100
0.02194 0.97428
COLOR: 0.80000 0.80000 0.80000 1.00000
WEIGHTS: None

VERT:
9.63369 3.65487 5.84828
0.16354 0.98650 -0.00893
0.02171 0.97576
COLOR: 0.80000 0.80000 0.80000 1.00000
WEIGHTS: None

VERT:
9.24857 3.65487 7.79509
0.00153 0.94381 0.33049
0.02286 0.97587
COLOR: 0.80000 0.80000 0.80000 1.00000
WEIGHTS: None

VERT:
9.05489 2.18979 9.07200
-0.00873 0.79034 0.61260
0.02388 0.97540
COLOR: 0.80000 0.80000 0.80000 1.00000
WEIGHTS: None

VERT:
9.95983 1.40772 9.97083
0.25415 0.70895 0.65788
0.02417 0.97457
COLOR: 0.80000 0.80000 0.80000 1.00000
WEIGHTS: None

VERT:
13.23566 -0.00000 4.60000
0.65530 0.65188 0.38162
0.02078 0.97283
COLOR: 0.80000 0.80000 0.80000 1.00000
WEIGHTS: None

VERT:
12.06773 1.40772 4.20084
0.70676 0.60798 0.36172
0.02060 0.97390
COLOR: 0.80000 0.80000 0.80000 1.00000
WEIGHTS: None

VERT:
14.60744 -0.00000 2.30000
0.68713 0.66867 0.28414
0.01930 0.97236
COLOR: 0.80000 0.80000 0.80000 1.00000
WEIGHTS: None

VERT:
13.31915 1.40772 2.10266
0.66339 0.66876 0.33567
0.01925 0.97348
COLOR: 0.80000 0.80000 0.80000 1.00000
WEIGHTS: None

VERT:
11.99649 2.46351 1.95465
0.58972 0.75837 0.27766
0.01927 0.97446
COLOR: 0.80000 0.80000 0.80000 1.00000
WEIGHTS: None

VERT:
10.78905 3.65487 3.90146
0.33082 0.91914 0.21388
0.02043 0.97542
COLOR: 0.80000 0.80000 0.80000 1.00000
WEIGHTS: None

VERT:
15.25148 0.00000 0.00000
0.71842 0.68594 0.11558
0.01792 0.97218
COLOR: 0.80000 0.80000 0.80000 1.00000
WEIGHTS: None

VERT:
13.90667 1.40772 0.00448
0.78161 0.61020 0.12935
0.01797 0.97332
COLOR: 0.80000 0.80000 0.80000 1.00000
WEIGHTS: None

VERT:
15.39155 0.00000 -2.30000
0.71972 0.69425 -0.00282
0.01658 0.97216
COLOR: 0.80000 0.80000 0.80000 1.00000
WEIGHTS: None

VERT:
14.03445 1.40772 -2.09370
0.77655 0.63002 -0.00637
0.01672 0.97331
COLOR: 0.80000 0.80000 0.80000 1.00000
WEIGHTS: None

VERT:
12.57938 3.65488 -1.93898
0.30901 0.95106 0.00161
0.01684 0.97487
COLOR: 0.80000 0.80000 0.80000 1.00000
WEIGHTS: None

VERT:
12.53781 3.65487 0.00783
0.22946 0.94570 0.23021
0.01797 0.97488
COLOR: 0.80000 0.80000 0.80000 1.00000
WEIGHTS: None

VERT:
15.25148 0.00000 -4.60000
0.69977 0.70387 -0.12200
0.01524 0.97223
COLOR: 0.80000 0.80000 0.80000 1.00000
WEIGHTS: None

VERT:
13.90667 1.40772 -4.19188
0.74461 0.65521 -0.12747
0.01548 0.97337
COLOR: 0.80000 0.80000 0.80000 1.00000
WEIGHTS: None

VERT:
12.28757 3.65488 -3.88580
0.31630 0.94657 -0.06299
0.01570 0.97499
COLOR: 0.80000 0.80000 0.80000 1.00000
WEIGHTS: None

VERT:
6.18614 3.30805 -6.01356
0.48304 0.77768 -0.40236
0.02358 0.99130
COLOR: 0.80000 0.80000 0.80000 1.00000
WEIGHTS: None

VERT:
3.85357 3.58515 -7.94463
0.51527 0.49533 -0.69938
0.02530 0.99170
COLOR: 0.80000 0.80000 0.80000 1.00000
WEIGHTS: None

VERT:
4.07527 5.89426 -7.18252
0.44382 0.30589 -0.84229
0.02536 0.99028
COLOR: 0.80000 0.80000 0.80000 1.00000
WEIGHTS: None

VERT:
1.92052 3.58515 -9.21949
0.31740 0.60324 -0.73168
0.02658 0.99211
COLOR: 0.80000 0.80000 0.80000 1.00000
WEIGHTS: None

VERT:
2.03213 5.89426 -7.97906
0.23700 0.48394 -0.84240
0.02660 0.99059
COLOR: 0.80000 0.80000 0.80000 1.00000
WEIGHTS: None

VERT:
2.14374 8.20336 -6.36788
0.06599 0.76061 -0.64584
0.02660 0.98895
COLOR: 0.80000 0.80000 0.80000 1.00000
WEIGHTS: None

VERT:
4.29696 8.20336 -6.16875
0.29883 0.65451 -0.69449
0.02535 0.98881
COLOR: 0.80000 0.80000 0.80000 1.00000
WEIGHTS: None

VERT:
5.51840 7.60470 -5.52611
0.65420 0.38245 -0.65250
0.02449 0.98892
COLOR: 0.80000 0.80000 0.80000 1.00000
WEIGHTS: None

VERT:
5.85786 5.89426 -5.87519
0.67979 0.21846 -0.70011
0.02414 0.98989
COLOR: 0.80000 0.80000 0.80000 1.00000
WEIGHTS: None

VERT:
-0.01254 3.58515 -9.68342
0.03676 0.67866 -0.73353
0.02772 0.99230
COLOR: 0.80000 0.80000 0.80000 1.00000
WEIGHTS: None

VERT:
-0.01101 5.89426 -8.24458
-0.00238 0.56114 -0.82772
0.02778 0.99072
COLOR: 0.80000 0.80000 0.80000 1.00000
WEIGHTS: None

VERT:
-2.30296 3.54145 -9.31438
-0.09054 0.73913 -0.66745
0.02907 0.99226
COLOR: 0.80000 0.80000 0.80000 1.00000
WEIGHTS: None

VERT:
-2.29239 5.71948 -7.97906
-0.22929 0.54393 -0.80720
0.02911 0.99077
COLOR: 0.80000 0.80000 0.80000 1.00000
WEIGHTS: None

VERT:
-2.23082 7.89337 -6.36788
-0.23983 0.78587 -0.57000
0.02914 0.98920
COLOR: 0.80000 0.80000 0.80000 1.00000
WEIGHTS: None

VERT:
-0.00948 8.20336 -6.43426
-0.04820 0.80184 -0.59560
0.02785 0.98903
COLOR: 0.80000 0.80000 0.80000 1.00000
WEIGHTS: None

VERT:
-5.30812 4.20142 -8.09033
-0.35473 0.73571 -0.57698
0.03089 0.99161
COLOR: 0.80000 0.80000 0.80000 1.00000
WEIGHTS: None

VERT:
-5.05026 5.19514 -7.18252
-0.39855 0.59725 -0.69602
0.03082 0.99082
COLOR: 0.80000 0.80000 0.80000 1.00000
WEIGHTS: None

VERT:
-8.65189 2.98111 -6.03630
-0.62605 0.66378 -0.40921
0.03328 0.99151
COLOR: 0.80000 0.80000 0.80000 1.00000
WEIGHTS: None

VERT:
-7.36124 4.65430 -5.87519
-0.63582 0.61155 -0.47089
0.03239 0.99066
COLOR: 0.80000 0.80000 0.80000 1.00000
WEIGHTS: None

VERT:
-6.27262 5.92942 -5.52611
-0.60266 0.68612 -0.40749
0.03173 0.98992
COLOR: 0.80000 0.80000 0.80000 1.00000
WEIGHTS: None

VERT:
-4.58841 6.96341 -6.16875
-0.46113 0.71665 -0.52324
0.03056 0.98962
COLOR: 0.80000 0.80000 0.80000 1.00000
WEIGHTS: None

VERT:
-8.65189 2.98111 -6.03630
-0.62605 0.66378 -0.40921
0.01125 0.97159
COLOR: 0.80000 0.80000 0.80000 1.00000
WEIGHTS: None

VERT:
-9.69944 3.01822 -3.74721
-0.66910 0.72500 -0.16334
0.01262 0.97212
COLOR: 0.80000 0.80000 0.80000 1.00000
WEIGHTS: None

VERT:
-8.30193 4.43000 -4.07732
-0.71158 0.68306 -0.16457
0.01253 0.97095
COLOR: 0.80000 0.80000 0.80000 1.00000
WEIGHTS: None

VERT:
-9.79436 3.00584 -1.81416
-0.64290 0.76546 0.02726
0.01374 0.97226
COLOR: 0.80000 0.80000 0.80000 1.00000
WEIGHTS: None

VERT:
-8.39342 4.38048 -2.03419
-0.69519 0.71824 0.02917
0.01371 0.97111
COLOR: 0.80000 0.80000 0.80000 1.00000
WEIGHTS: None

VERT:
-6.74170 5.93270 -2.14427
-0.70606 0.70623 0.05210
0.01375 0.96979
COLOR: 0.80000 0.80000 0.80000 1.00000
WEIGHTS: None

VERT:
-6.63323 6.00698 -4.29749
-0.67246 0.72061 -0.16888
0.01251 0.96961
COLOR: 0.80000 0.80000 0.80000 1.00000
WEIGHTS: None

VERT:
-6.27262 5.92942 -5.52611
-0.60266 0.68612 -0.40749
0.01179 0.96943
COLOR: 0.80000 0.80000 0.80000 1.00000
WEIGHTS: None

VERT:
-7.36124 4.65430 -5.87519
-0.63582 0.61155 -0.47089
0.01149 0.97038
COLOR: 0.80000 0.80000 0.80000 1.00000
WEIGHTS: None

VERT:
-9.48174 3.00171 0.11890
-0.64120 0.75897 0.11326
0.01487 0.97222
COLOR: 0.80000 0.80000 0.80000 1.00000
WEIGHTS: None

VERT:
-8.15680 4.36397 0.00895
-0.70554 0.70232 0.09464
0.01490 0.97112
COLOR: 0.80000 0.80000 0.80000 1.00000
WEIGHTS: None

VERT:
-9.06245 3.02682 2.03821
-0.67038 0.73586 0.09534
0.01601 0.97214
COLOR: 0.80000 0.80000 0.80000 1.00000
WEIGHTS: None

VERT:
-7.85629 4.36397 2.05209
-0.73106 0.67812 0.07554
0.01610 0.97109
COLOR: 0.80000 0.80000 0.80000 1.00000
WEIGHTS: None

VERT:
-6.39343 5.90794 2.16217
-0.73957 0.66775 0.08450
0.01627 0.96987
COLOR: 0.80000 0.80000 0.80000 1.00000
WEIGHTS: None

VERT:
-6.59695 5.90794 0.00895
-0.68128 0.73165 0.02346
0.01501 0.96985
COLOR: 0.80000 0.80000 0.80000 1.00000
WEIGHTS: None

VERT:
-8.83734 3.10214 3.93003
-0.68225 0.71724 0.14177
0.01712 0.97210
COLOR: 0.80000 0.80000 0.80000 1.00000
WEIGHTS: None

VERT:
-7.75611 4.36397 4.09523
-0.74840 0.64931 0.13522
0.01729 0.97115
COLOR: 0.80000 0.80000 0.80000 1.00000
WEIGHTS: None

VERT:
-8.08115 3.07774 6.06808
-0.53751 0.76464 0.35553
0.01843 0.97193
COLOR: 0.80000 0.80000 0.80000 1.00000
WEIGHTS: None

VERT:
-7.04337 4.55525 5.89741
-0.67207 0.57070 0.47183
0.01839 0.97088
COLOR: 0.80000 0.80000 0.80000 1.00000
WEIGHTS: None

VERT:
-6.05526 5.81937 5.54593
-0.65577 0.68531 0.31672
0.01825 0.96993
COLOR: 0.80000 0.80000 0.80000 1.00000
WEIGHTS: None

VERT:
-6.32559 5.90794 4.31540
-0.68025 0.72382 0.11555
0.01752 0.96994
COLOR: 0.80000 0.80000 0.80000 1.00000
WEIGHTS: None

VERT:
-8.08115 3.07774 6.06808
-0.53751 0.76464 0.35553
0.03377 0.97447
COLOR: 0.80000 0.80000 0.80000 1.00000
WEIGHTS: None

VERT:
-5.09042 3.39386 8.13638
-0.41519 0.67263 0.61253
0.03172 0.97392
COLOR: 0.80000 0.80000 0.80000 1.00000
WEIGHTS: None

VERT:
-4.90513 5.12911 7.21768
-0.44862 0.49677 0.74294
0.03155 0.97505
COLOR: 0.80000 0.80000 0.80000 1.00000
WEIGHTS: None

VERT:
-2.24854 3.53732 9.52231
-0.23396 0.75279 0.61528
0.02992 0.97350
COLOR: 0.80000 0.80000 0.80000 1.00000
WEIGHTS: None

VERT:
-2.25611 5.70297 8.02717
-0.25433 0.56457 0.78523
0.02991 0.97503
COLOR: 0.80000 0.80000 0.80000 1.00000
WEIGHTS: None

VERT:
-2.21319 7.86861 6.39334
-0.26624 0.78216 0.56333
0.02988 0.97660
COLOR: 0.80000 0.80000 0.80000 1.00000
WEIGHTS: None

VERT:
-4.51788 6.86436 6.19097
-0.47579 0.71290 0.51517
0.03129 0.97621
COLOR: 0.80000 0.80000 0.80000 1.00000
WEIGHTS: None

VERT:
-6.05526 5.81937 5.54593
-0.65577 0.68531 0.31672
0.03241 0.97595
COLOR: 0.80000 0.80000 0.80000 1.00000
WEIGHTS: None

VERT:
-7.04337 4.55525 5.89741
-0.67207 0.57070 0.47183
0.03303 0.97522
COLOR: 0.80000 0.80000 0.80000 1.00000
WEIGHTS: None

VERT:
-0.01254 3.58514 9.97175
0.00075 0.77549 0.63136
0.02861 0.97336
COLOR: 0.80000 0.80000 0.80000 1.00000
WEIGHTS: None

VERT:
-0.01101 5.89425 8.29699
-0.03085 0.59491 0.80320
0.02859 0.97502
COLOR: 0.80000 0.80000 0.80000 1.00000
WEIGHTS: None

VERT:
1.92052 3.58514 9.49881
0.28890 0.70401 0.64877
0.02746 0.97351
COLOR: 0.80000 0.80000 0.80000 1.00000
WEIGHTS: None

VERT:
2.03213 5.89425 8.02717
0.20277 0.52684 0.82543
0.02740 0.97511
COLOR: 0.80000 0.80000 0.80000 1.00000
WEIGHTS: None

VERT:
2.14374 8.20336 6.39334
0.04531 0.79122 0.60985
0.02734 0.97675
COLOR: 0.80000 0.80000 0.80000 1.00000
WEIGHTS: None

VERT:
-0.00948 8.20336 6.46080
-0.06456 0.80867 0.58470
0.02859 0.97673
COLOR: 0.80000 0.80000 0.80000 1.00000
WEIGHTS: None

VERT:
3.85357 3.58514 8.11758
0.51442 0.56784 0.64259
0.02615 0.97393
COLOR: 0.80000 0.80000 0.80000 1.00000
WEIGHTS: None

VERT:
4.07527 5.89425 7.21768
0.48073 0.31875 0.81688
0.02614 0.97538
COLOR: 0.80000 0.80000 0.80000 1.00000
WEIGHTS: None

VERT:
6.00979 3.30805 6.05627
0.55663 0.65017 0.51714
0.02445 0.97431
COLOR: 0.80000 0.80000 0.80000 1.00000
WEIGHTS: None

VERT:
5.85786 5.89425 5.89741
0.71655 0.19759 0.66897
0.02490 0.97575
COLOR: 0.80000 0.80000 0.80000 1.00000
WEIGHTS: None

VERT:
5.51840 7.60470 5.54593
0.63343 0.46725 0.61681
0.02522 0.97673
COLOR: 0.80000 0.80000 0.80000 1.00000
WEIGHTS: None

VERT:
4.29696 8.20336 6.19097
0.34066 0.68645 0.64245
0.02609 0.97686
COLOR: 0.80000 0.80000 0.80000 1.00000
WEIGHTS: None

VERT:
6.00979 3.30805 6.05627
0.55663 0.65017 0.51714
0.03235 0.97811
COLOR: 0.80000 0.80000 0.80000 1.00000
WEIGHTS: None

VERT:
7.94103 3.58515 3.87506
0.58775 0.59760 0.54536
0.03071 0.97773
COLOR: 0.80000 0.80000 0.80000 1.00000
WEIGHTS: None

VERT:
7.11936 5.89425 4.09523
0.84800 0.30078 0.43637
0.03065 0.97915
COLOR: 0.80000 0.80000 0.80000 1.00000
WEIGHTS: None

VERT:
9.20848 4.77651 1.94201
0.61476 0.73804 0.27813
0.02922 0.97783
COLOR: 0.80000 0.80000 0.80000 1.00000
WEIGHTS: None

VERT:
7.87007 5.89425 2.05209
0.76870 0.58125 0.26693
0.02939 0.97885
COLOR: 0.80000 0.80000 0.80000 1.00000
WEIGHTS: None

VERT:
6.34062 8.20336 2.16218
0.65162 0.75568 0.06579
0.02944 0.98049
COLOR: 0.80000 0.80000 0.80000 1.00000
WEIGHTS: None

VERT:
6.15295 8.20336 4.31540
0.67918 0.66382 0.31314
0.03068 0.98061
COLOR: 0.80000 0.80000 0.80000 1.00000
WEIGHTS: None

VERT:
5.51840 7.60470 5.54593
0.63343 0.46725 0.61681
0.03154 0.98049
COLOR: 0.80000 0.80000 0.80000 1.00000
WEIGHTS: None

VERT:
5.85786 5.89425 5.89741
0.71655 0.19759 0.66897
0.03188 0.97952
COLOR: 0.80000 0.80000 0.80000 1.00000
WEIGHTS: None

VERT:
9.65022 3.58515 0.00895
0.62422 0.75083 -0.21587
0.02804 0.97720
COLOR: 0.80000 0.80000 0.80000 1.00000
WEIGHTS: None

VERT:
8.12031 5.89425 0.00895
0.80321 0.59487 -0.03141
0.02815 0.97882
COLOR: 0.80000 0.80000 0.80000 1.00000
WEIGHTS: None

VERT:
9.28929 3.58515 -1.92410
0.64940 0.72632 -0.22524
0.02693 0.97739
COLOR: 0.80000 0.80000 0.80000 1.00000
WEIGHTS: None

VERT:
7.87007 5.89425 -2.03418
0.84125 0.50691 -0.18797
0.02696 0.97896
COLOR: 0.80000 0.80000 0.80000 1.00000
WEIGHTS: None

VERT:
6.34062 8.20336 -2.14427
0.62854 0.77671 -0.04067
0.02697 0.98057
COLOR: 0.80000 0.80000 0.80000 1.00000
WEIGHTS: None

VERT:
6.40318 8.20336 0.00895
0.61339 0.78972 0.00949
0.02821 0.98049
COLOR: 0.80000 0.80000 0.80000 1.00000
WEIGHTS: None

VERT:
8.14878 3.58515 -3.85716
0.62042 0.61857 -0.48214
0.02570 0.97780
COLOR: 0.80000 0.80000 0.80000 1.00000
WEIGHTS: None

VERT:
7.11936 5.89425 -4.07732
0.82737 0.33213 -0.45293
0.02572 0.97926
COLOR: 0.80000 0.80000 0.80000 1.00000
WEIGHTS: None

VERT:
6.18614 3.30805 -6.01356
0.48304 0.77768 -0.40236
0.02408 0.97823
COLOR: 0.80000 0.80000 0.80000 1.00000
WEIGHTS: None

VERT:
5.85786 5.89426 -5.87519
0.67979 0.21846 -0.70011
0.02451 0.97966
COLOR: 0.80000 0.80000 0.80000 1.00000
WEIGHTS: None

VERT:
5.51840 7.60470 -5.52611
0.65420 0.38245 -0.65250
0.02488 0.98062
COLOR: 0.80000 0.80000 0.80000 1.00000
WEIGHTS: None

VERT:
6.15295 8.20336 -4.29749
0.67673 0.66557 -0.31473
0.02574 0.98072
COLOR: 0.80000 0.80000 0.80000 1.00000
WEIGHTS: None

INDEX_COUNT: 1368
0 1 2 1 3 4 5 6 2 6 7 8 7 6 9 6 5 10 11 12 9 12 13 14 13 12 15 12 11 16 17 18 15 18 19 20 19 18 21 18 17 22 23 24 21 24 25 26 25 24 27 24 23 28 29 30 27 30 31 32 33 34 35 34 0 8 7 36 35 36 37 38 39 40 41 40 42 43 44 45 41 45 46 47 46 45 48 45 44 49 50 51 48 51 52 53 52 51 54 51 50 55 56 57 54 57 58 59 60 61 62 61 25 32 31 63 62 63 64 65 66 67 68 67 33 38 37 69 68 69 70 71 72 73 74 73 39 47 46 75 74 75 76 77 76 75 78 75 46 53 52 79 78 79 80 81 80 79 82 79 52 59 58 83 82 83 84 85 86 87 88 87 60 65 64 89 88 89 90 91 92 93 94 93 66 71 70 95 94 95 96 97 98 99 100 99 72 77 76 101 100 101 102 103 102 101 104 101 76 81 80 105 104 105 106 107 106 105 108 105 80 85 84 109 108 109 110 111 112 113 114 113 86 91 90 115 114 115 116 117 118 119 120 119 92 97 96 121 120 121 122 123 122 121 124 121 96 125 126 127 124 127 128 129 128 127 130 127 126 131 132 133 130 133 134 135 134 133 136 133 132 137 112 138 136 138 139 140 139 138 141 138 112 117 116 142 141 142 143 144 145 146 147 146 148 149 150 151 147 151 152 153 154 155 156 155 157 158 159 160 156 160 161 162 157 163 164 163 165 166 167 168 164 168 159 158 165 169 170 169 171 172 173 174 170 174 167 166 171 175 176 175 177 178 179 180 176 180 173 172 177 181 182 181 183 184 185 186 182 186 179 178 187 188 189 188 190 191 192 193 189 193 194 195 190 196 197 196 198 199 200 201 197 201 192 191 198 202 203 202 204 205 206 207 203 207 200 199 204 208 209 208 210 211 212 213 209 213 206 205 210 214 215 214 216 217 218 219 215 219 212 211 220 221 222 221 223 224 225 226 222 226 227 228 223 229 230 229 231 232 233 234 230 234 225 224 231 235 236 235 237 238 239 240 236 240 233 232 237 241 242 241 243 244 245 246 242 246 239 238 243 247 248 247 249 250 251 252 248 252 245 244 253 254 255 254 256 257 258 259 255 259 260 261 256 262 263 262 264 265 266 267 263 267 258 257 264 268 269 268 270 271 272 273 269 273 266 265 270 274 275 274 145 153 152 276 275 276 272 271 277 278 279 278 280 281 282 283 279 283 284 285 280 286 287 286 288 289 290 291 287 291 282 281 288 292 293 292 294 295 296 297 293 297 290 289 298 299 300 299 301 302 303 304 300 304 305 306 301 307 308 307 309 310 311 312 308 312 303 302 309 313 314 313 315 316 317 318 314 318 311 310 319 320 321 320 322 323 324 325 321 325 326 327 322 328 329 328 330 331 332 333 329 333 324 323 330 334 335 334 336 337 338 339 335 339 332 331 340 341 342 341 343 344 345 346 342 346 347 348 343 349 350 349 351 352 353 354 350 354 345 344 351 355 356 355 357 358 359 360 356 360 353 352 2 8 0 4 2 1 2 4 5 8 2 6 9 14 7 10 9 6 9 10 11 14 9 12 15 20 13 16 15 12 15 16 17 20 15 18 21 26 19 22 21 18 21 22 23 26 21 24 27 32 25 28 27 24 27 28 29 32 27 30 35 38 33 8 35 34 35 8 7 38 35 36 41 47 39 43 41 40 41 43 44 47 41 45 48 53 46 49 48 45 48 49 50 53 48 51 54 59 52 55 54 51 54 55 56 59 54 57 62 65 60 32 62 61 62 32 31 65 62 63 68 71 66 38 68 67 68 38 37 71 68 69 74 77 72 47 74 73 74 47 46 77 74 75 78 81 76 53 78 75 78 53 52 81 78 79 82 85 80 59 82 79 82 59 58 85 82 83 88 91 86 65 88 87 88 65 64 91 88 89 94 97 92 71 94 93 94 71 70 97 94 95 100 103 98 77 100 99 100 77 76 103 100 101 104 107 102 81 104 101 104 81 80 107 104 105 108 111 106 85 108 105 108 85 84 111 108 109 114 117 112 91 114 113 114 91 90 117 114 115 120 123 118 97 120 119 120 97 96 123 120 121 124 129 122 125 124 121 124 125 126 129 124 127 130 135 128 131 130 127 130 131 132 135 130 133 136 140 134 137 136 133 136 137 112 140 136 138 141 144 139 117 141 138 141 117 116 144 141 142 147 153 145 149 147 146 147 149 150 153 147 151 156 162 154 158 156 155 156 158 159 162 156 160 164 158 157 166 164 163 164 166 167 158 164 168 170 166 165 172 170 169 170 172 173 166 170 174 176 172 171 178 176 175 176 178 179 172 176 180 182 178 177 184 182 181 182 184 185 178 182 186 189 195 187 191 189 188 189 191 192 195 189 193 197 191 190 199 197 196 197 199 200 191 197 201 203 199 198 205 203 202 203 205 206 199 203 207 209 205 204 211 209 208 209 211 212 205 209 213 215 211 210 217 215 214 215 217 218 211 215 219 222 228 220 224 222 221 222 224 225 228 222 226 230 224 223 232 230 229 230 232 233 224 230 234 236 232 231 238 236 235 236 238 239 232 236 240 242 238 237 244 242 241 242 244 245 238 242 246 248 244 243 250 248 247 248 250 251 244 248 252 255 261 253 257 255 254 255 257 258 261 255 259 263 257 256 265 263 262 263 265 266 257 263 267 269 265 264 271 269 268 269 271 272 265 269 273 275 271 270 153 275 274 275 153 152 271 275 276 279 285 277 281 279 278 279 281 282 285 279 283 287 281 280 289 287 286 287 289 290 281 287 291 293 289 288 295 293 292 293 295 296 289 293 297 300 306 298 302 300 299 300 302 303 306 300 304 308 302 301 310 308 307 308 310 311 302 308 312 314 310 309 316 314 313 314 316 317 310 314 318 321 327 319 323 321 320 321 323 324 327 321 325 329 323 322 331 329 328 329 331 332 323 329 333 335 331 330 337 335 334 335 337 338 331 335 339 342 348 340 344 342 341 342 344 345 348 342 346 350 344 343 352 350 349 350 352 353 344 350 354 356 352 351 358 356 355 356 358 359 352 356 360 