TEXTURE_DIFFUSE: diff.png
MATERIAL_COLOR 0: 0.588000 0.588000 0.588000 1.000000
MESH_NAME: Hill_desert_005
VERTEX_COUNT: 439
VERT:
13.51906 3.69900 -5.10691
0.34106 0.93578 0.08939
0.01953 0.97848
COLOR: 0.58800 0.58800 0.58800 1.00000
WEIGHTS: None

VERT:
13.48011 3.80117 -6.95552
0.36579 0.91765 -0.15530
0.02101 0.97845
COLOR: 0.58800 0.58800 0.58800 1.00000
WEIGHTS: None

VERT:
11.53298 4.34420 -6.63488
-0.10582 0.98787 -0.11368
0.02075 0.97691
COLOR: 0.58800 0.58800 0.58800 1.00000
WEIGHTS: None

VERT:
13.40351 3.37882 -8.28206
0.34988 0.85436 -0.38426
0.02212 0.97844
COLOR: 0.58800 0.58800 0.58800 1.00000
WEIGHTS: None

VERT:
11.81307 3.80117 -8.35809
-0.11719 0.83350 -0.53994
0.02213 0.97713
COLOR: 0.58800 0.58800 0.58800 1.00000
WEIGHTS: None

VERT:
10.95838 3.37882 -8.28206
-0.64362 0.52905 -0.55305
0.02218 0.97637
COLOR: 0.58800 0.58800 0.58800 1.00000
WEIGHTS: None

VERT:
10.40569 3.80117 -6.95552
-0.76358 0.54542 -0.34563
0.02107 0.97597
COLOR: 0.58800 0.58800 0.58800 1.00000
WEIGHTS: None

VERT:
9.72653 4.24272 -4.87635
-0.00641 0.88192 -0.47135
0.01944 0.97540
COLOR: 0.58800 0.58800 0.58800 1.00000
WEIGHTS: None

VERT:
11.68877 4.27608 -4.85076
0.12261 0.99177 0.03684
0.01937 0.97694
COLOR: 0.58800 0.58800 0.58800 1.00000
WEIGHTS: None

VERT:
-7.61757 4.20897 -5.16294
0.26421 0.74715 -0.60988
0.02623 0.96083
COLOR: 0.58800 0.58800 0.58800 1.00000
WEIGHTS: None

VERT:
-8.12769 3.80117 -6.95552
0.48215 0.82670 -0.29000
0.02665 0.96227
COLOR: 0.58800 0.58800 0.58800 1.00000
WEIGHTS: None

VERT:
-9.23480 4.34420 -6.63488
0.16262 0.95015 -0.26602
0.02757 0.96188
COLOR: 0.58800 0.58800 0.58800 1.00000
WEIGHTS: None

VERT:
-8.12604 3.37882 -8.28206
0.47373 0.80382 -0.35980
0.02667 0.96340
COLOR: 0.58800 0.58800 0.58800 1.00000
WEIGHTS: None

VERT:
-9.18096 3.80117 -8.35809
0.16007 0.85595 -0.49166
0.02755 0.96327
COLOR: 0.58800 0.58800 0.58800 1.00000
WEIGHTS: None

VERT:
-10.63662 3.80117 -8.35809
0.00000 0.85273 -0.52236
0.02867 0.96326
COLOR: 0.58800 0.58800 0.58800 1.00000
WEIGHTS: None

VERT:
-10.37832 4.34420 -6.63488
0.00000 0.96720 -0.25403
0.02847 0.96186
COLOR: 0.58800 0.58800 0.58800 1.00000
WEIGHTS: None

VERT:
-10.12764 4.67593 -5.06626
0.00000 0.89446 -0.44714
0.02827 0.96061
COLOR: 0.58800 0.58800 0.58800 1.00000
WEIGHTS: None

VERT:
-9.02472 4.67593 -5.06626
0.11654 0.86751 -0.48358
0.02738 0.96063
COLOR: 0.58800 0.58800 0.58800 1.00000
WEIGHTS: None

VERT:
13.53212 3.08598 -1.40971
0.43955 0.89396 -0.08732
0.01658 0.97858
COLOR: 0.58800 0.58800 0.58800 1.00000
WEIGHTS: None

VERT:
13.53205 3.39249 -3.25831
0.40035 0.89876 0.17875
0.01805 0.97852
COLOR: 0.58800 0.58800 0.58800 1.00000
WEIGHTS: None

VERT:
11.74071 4.07174 -3.06664
0.29231 0.95365 0.07139
0.01794 0.97699
COLOR: 0.58800 0.58800 0.58800 1.00000
WEIGHTS: None

VERT:
9.91349 4.60782 -2.89945
0.37642 0.91710 -0.13125
0.01783 0.97547
COLOR: 0.58800 0.58800 0.58800 1.00000
WEIGHTS: None

VERT:
9.91393 4.83079 -1.17867
0.45325 0.89138 -0.00414
0.01645 0.97538
COLOR: 0.58800 0.58800 0.58800 1.00000
WEIGHTS: None

VERT:
11.74100 3.86740 -1.28253
0.38036 0.92476 0.01205
0.01650 0.97703
COLOR: 0.58800 0.58800 0.58800 1.00000
WEIGHTS: None

VERT:
-2.64000 6.89123 -0.54446
0.63019 0.73693 -0.24453
0.01611 0.96676
COLOR: 0.58800 0.58800 0.58800 1.00000
WEIGHTS: None

VERT:
-2.73522 6.66635 -1.89630
0.55600 0.78484 -0.27367
0.01626 0.96782
COLOR: 0.58800 0.58800 0.58800 1.00000
WEIGHTS: None

VERT:
-4.12274 6.99808 -1.72911
0.11723 0.96627 -0.22929
0.01735 0.96758
COLOR: 0.58800 0.58800 0.58800 1.00000
WEIGHTS: None

VERT:
-3.26439 6.40833 -2.82046
0.34763 0.79552 -0.49629
0.01670 0.96855
COLOR: 0.58800 0.58800 0.58800 1.00000
WEIGHTS: None

VERT:
-4.56876 6.66635 -2.91770
0.08642 0.85396 -0.51311
0.01773 0.96852
COLOR: 0.58800 0.58800 0.58800 1.00000
WEIGHTS: None

VERT:
-6.47580 6.68498 -2.91770
0.02731 0.84556 -0.53318
0.01921 0.96850
COLOR: 0.58800 0.58800 0.58800 1.00000
WEIGHTS: None

VERT:
-5.74625 7.07263 -1.72911
0.09033 0.96545 -0.24442
0.01863 0.96752
COLOR: 0.58800 0.58800 0.58800 1.00000
WEIGHTS: None

VERT:
-5.17492 7.14738 -0.45021
0.05620 0.99226 -0.11072
0.01814 0.96652
COLOR: 0.58800 0.58800 0.58800 1.00000
WEIGHTS: None

VERT:
-3.74185 7.14800 -0.44570
0.09318 0.96097 -0.26050
0.01699 0.96657
COLOR: 0.58800 0.58800 0.58800 1.00000
WEIGHTS: None

VERT:
-7.04627 7.29626 -1.72911
0.16120 0.92964 -0.33134
0.01966 0.96746
COLOR: 0.58800 0.58800 0.58800 1.00000
WEIGHTS: None

VERT:
-7.63724 6.74089 -2.91770
0.04887 0.80583 -0.59012
0.02012 0.96848
COLOR: 0.58800 0.58800 0.58800 1.00000
WEIGHTS: None

VERT:
-8.59180 6.79680 -2.91770
0.04094 0.76892 -0.63803
0.02087 0.96846
COLOR: 0.58800 0.58800 0.58800 1.00000
WEIGHTS: None

VERT:
-8.24590 7.51990 -1.72911
0.12141 0.91886 -0.37544
0.02059 0.96739
COLOR: 0.58800 0.58800 0.58800 1.00000
WEIGHTS: None

VERT:
-8.15067 7.78080 -0.45171
0.13494 0.99077 -0.01308
0.02050 0.96642
COLOR: 0.58800 0.58800 0.58800 1.00000
WEIGHTS: None

VERT:
-6.66538 7.44535 -0.45171
0.18466 0.98098 -0.05978
0.01934 0.96646
COLOR: 0.58800 0.58800 0.58800 1.00000
WEIGHTS: None

VERT:
13.51801 3.61352 2.38254
0.27002 0.96016 0.07194
0.01357 0.97838
COLOR: 0.58800 0.58800 0.58800 1.00000
WEIGHTS: None

VERT:
13.53234 3.51135 0.43889
0.25221 0.96290 -0.09597
0.01510 0.97844
COLOR: 0.58800 0.58800 0.58800 1.00000
WEIGHTS: None

VERT:
11.74190 3.79929 0.50159
0.28030 0.95984 0.01163
0.01508 0.97701
COLOR: 0.58800 0.58800 0.58800 1.00000
WEIGHTS: None

VERT:
9.91527 4.53970 0.54210
0.46950 0.87963 -0.07625
0.01509 0.97547
COLOR: 0.58800 0.58800 0.58800 1.00000
WEIGHTS: None

VERT:
9.96290 5.54369 2.55310
0.52992 0.84247 -0.09708
0.01343 0.97508
COLOR: 0.58800 0.58800 0.58800 1.00000
WEIGHTS: None

VERT:
11.76014 3.86740 2.48327
0.40907 0.90903 -0.07961
0.01351 0.97697
COLOR: 0.58800 0.58800 0.58800 1.00000
WEIGHTS: None

VERT:
-2.10729 8.48889 2.34156
0.15608 0.89065 -0.42706
0.01545 0.96427
COLOR: 0.58800 0.58800 0.58800 1.00000
WEIGHTS: None

VERT:
-2.60826 7.56588 0.82960
0.47454 0.72540 -0.49861
0.01602 0.96558
COLOR: 0.58800 0.58800 0.58800 1.00000
WEIGHTS: None

VERT:
-3.61489 7.59777 0.84971
-0.11993 0.94402 -0.30730
0.01681 0.96549
COLOR: 0.58800 0.58800 0.58800 1.00000
WEIGHTS: None

VERT:
-4.98447 7.22255 0.83170
-0.12756 0.99040 -0.05334
0.01794 0.96550
COLOR: 0.58800 0.58800 0.58800 1.00000
WEIGHTS: None

VERT:
-5.00088 7.27908 2.38064
-0.29738 0.95470 -0.01094
0.01792 0.96425
COLOR: 0.58800 0.58800 0.58800 1.00000
WEIGHTS: None

VERT:
-3.61489 8.04754 2.39457
-0.36866 0.91725 -0.15083
0.01668 0.96423
COLOR: 0.58800 0.58800 0.58800 1.00000
WEIGHTS: None

VERT:
-6.53841 7.29626 0.82569
0.07884 0.99070 0.11090
0.01918 0.96546
COLOR: 0.58800 0.58800 0.58800 1.00000
WEIGHTS: None

VERT:
-8.11893 7.51990 0.82569
0.07619 0.97421 0.21237
0.02043 0.96544
COLOR: 0.58800 0.58800 0.58800 1.00000
WEIGHTS: None

VERT:
-8.21355 7.12854 2.41759
0.01364 0.98903 0.14705
0.02047 0.96417
COLOR: 0.58800 0.58800 0.58800 1.00000
WEIGHTS: None

VERT:
-6.60404 7.07263 2.41093
-0.03859 0.99506 0.09150
0.01921 0.96419
COLOR: 0.58800 0.58800 0.58800 1.00000
WEIGHTS: None

VERT:
13.51663 3.19718 6.10416
0.52553 0.82862 0.19289
0.01065 0.97845
COLOR: 0.58800 0.58800 0.58800 1.00000
WEIGHTS: None

VERT:
13.47442 3.39249 4.51627
0.47562 0.87723 0.06530
0.01189 0.97836
COLOR: 0.58800 0.58800 0.58800 1.00000
WEIGHTS: None

VERT:
11.81247 4.07174 4.86008
0.40344 0.91299 0.06074
0.01162 0.97696
COLOR: 0.58800 0.58800 0.58800 1.00000
WEIGHTS: None

VERT:
10.10224 4.60782 5.14453
0.37330 0.90511 0.20351
0.01139 0.97556
COLOR: 0.58800 0.58800 0.58800 1.00000
WEIGHTS: None

VERT:
10.14078 4.15777 8.25608
0.35067 0.83464 0.42474
0.00893 0.97573
COLOR: 0.58800 0.58800 0.58800 1.00000
WEIGHTS: None

VERT:
12.25319 3.73306 6.97875
0.43019 0.85322 0.29489
0.00996 0.97739
COLOR: 0.58800 0.58800 0.58800 1.00000
WEIGHTS: None

VERT:
3.19477 6.66635 6.44054
0.06008 0.92873 0.36586
0.01098 0.96103
COLOR: 0.58800 0.58800 0.58800 1.00000
WEIGHTS: None

VERT:
2.93977 6.99808 4.58680
0.07456 0.99314 0.09011
0.01125 0.96253
COLOR: 0.58800 0.58800 0.58800 1.00000
WEIGHTS: None

VERT:
1.92053 6.99808 5.16865
0.14303 0.96332 0.22708
0.01205 0.96203
COLOR: 0.58800 0.58800 0.58800 1.00000
WEIGHTS: None

VERT:
2.73014 6.96725 2.43677
-0.06398 0.88588 -0.45949
0.01144 0.96424
COLOR: 0.58800 0.58800 0.58800 1.00000
WEIGHTS: None

VERT:
1.12215 7.29793 4.59986
0.32510 0.93568 0.13717
0.01273 0.96249
COLOR: 0.58800 0.58800 0.58800 1.00000
WEIGHTS: None

VERT:
0.61878 6.92871 6.62446
0.31967 0.86976 0.37594
0.01304 0.96082
COLOR: 0.58800 0.58800 0.58800 1.00000
WEIGHTS: None

VERT:
1.83977 6.66635 6.68197
0.13445 0.91547 0.37925
0.01205 0.96079
COLOR: 0.58800 0.58800 0.58800 1.00000
WEIGHTS: None

VERT:
-0.42138 8.19746 4.42628
0.40108 0.91301 0.07449
0.01412 0.96268
COLOR: 0.58800 0.58800 0.58800 1.00000
WEIGHTS: None

VERT:
0.23290 7.71580 2.74513
0.33271 0.79475 -0.50761
0.01351 0.96398
COLOR: 0.58800 0.58800 0.58800 1.00000
WEIGHTS: None

VERT:
-2.17781 8.79715 4.43829
-0.02053 0.99769 0.06470
0.01548 0.96267
COLOR: 0.58800 0.58800 0.58800 1.00000
WEIGHTS: None

VERT:
-2.24899 8.24053 6.58407
-0.02991 0.89506 0.44494
0.01557 0.96102
COLOR: 0.58800 0.58800 0.58800 1.00000
WEIGHTS: None

VERT:
-0.78849 7.71580 6.60929
0.34902 0.83764 0.42017
0.01433 0.96092
COLOR: 0.58800 0.58800 0.58800 1.00000
WEIGHTS: None

VERT:
-3.61489 8.19746 4.42628
-0.44783 0.89099 0.07467
0.01663 0.96267
COLOR: 0.58800 0.58800 0.58800 1.00000
WEIGHTS: None

VERT:
-5.05010 7.29793 4.46066
-0.34347 0.93575 0.07993
0.01794 0.96260
COLOR: 0.58800 0.58800 0.58800 1.00000
WEIGHTS: None

VERT:
-5.18850 6.92871 6.50408
-0.26536 0.89600 0.35604
0.01807 0.96097
COLOR: 0.58800 0.58800 0.58800 1.00000
WEIGHTS: None

VERT:
-3.62965 7.71580 6.49638
-0.38066 0.83553 0.39621
0.01672 0.96105
COLOR: 0.58800 0.58800 0.58800 1.00000
WEIGHTS: None

VERT:
-6.80093 6.99808 4.61183
-0.07217 0.99283 0.09531
0.01934 0.96246
COLOR: 0.58800 0.58800 0.58800 1.00000
WEIGHTS: None

VERT:
-8.49742 6.99808 4.63847
-0.01574 0.99391 0.10903
0.02066 0.96243
COLOR: 0.58800 0.58800 0.58800 1.00000
WEIGHTS: None

VERT:
-9.05691 6.66635 6.81426
-0.07235 0.92651 0.36924
0.02109 0.96071
COLOR: 0.58800 0.58800 0.58800 1.00000
WEIGHTS: None

VERT:
-7.18358 6.66635 6.76499
-0.03105 0.92765 0.37215
0.01964 0.96075
COLOR: 0.58800 0.58800 0.58800 1.00000
WEIGHTS: None

VERT:
5.38130 3.70098 12.08407
0.06939 0.92036 0.38486
0.02741 0.99002
COLOR: 0.58800 0.58800 0.58800 1.00000
WEIGHTS: None

VERT:
5.27104 3.57965 10.52125
0.12915 0.96766 0.21670
0.02748 0.98887
COLOR: 0.58800 0.58800 0.58800 1.00000
WEIGHTS: None

VERT:
3.40349 3.90731 10.94384
0.16010 0.91497 0.37041
0.02598 0.98904
COLOR: 0.58800 0.58800 0.58800 1.00000
WEIGHTS: None

VERT:
5.05387 4.48479 9.03759
0.12553 0.80523 0.57953
0.02737 0.98754
COLOR: 0.58800 0.58800 0.58800 1.00000
WEIGHTS: None

VERT:
3.16489 4.56671 9.58073
0.19321 0.84899 0.49182
0.02585 0.98782
COLOR: 0.58800 0.58800 0.58800 1.00000
WEIGHTS: None

VERT:
1.44412 4.68610 10.08883
0.16448 0.88325 0.43910
0.02444 0.98807
COLOR: 0.58800 0.58800 0.58800 1.00000
WEIGHTS: None

VERT:
1.61937 4.23497 11.28256
0.16599 0.90157 0.39953
0.02451 0.98908
COLOR: 0.58800 0.58800 0.58800 1.00000
WEIGHTS: None

VERT:
1.70445 3.63734 12.39077
0.18249 0.79591 0.57725
0.02454 0.99007
COLOR: 0.58800 0.58800 0.58800 1.00000
WEIGHTS: None

VERT:
3.55305 3.14585 12.30608
-0.00985 0.82256 0.56859
0.02601 0.99029
COLOR: 0.58800 0.58800 0.58800 1.00000
WEIGHTS: None

VERT:
-0.16474 4.34419 11.39547
0.01068 0.89916 0.43750
0.02311 0.98907
COLOR: 0.58800 0.58800 0.58800 1.00000
WEIGHTS: None

VERT:
-0.27666 4.82585 10.25819
0.05919 0.86518 0.49796
0.02304 0.98808
COLOR: 0.58800 0.58800 0.58800 1.00000
WEIGHTS: None

VERT:
-1.99744 4.87351 10.08883
-0.13461 0.79924 0.58574
0.02164 0.98793
COLOR: 0.58800 0.58800 0.58800 1.00000
WEIGHTS: None

VERT:
-1.94886 4.23497 11.28256
-0.15950 0.86823 0.46983
0.02169 0.98902
COLOR: 0.58800 0.58800 0.58800 1.00000
WEIGHTS: None

VERT:
-1.99275 3.63734 12.39076
-0.17155 0.82743 0.53473
0.02167 0.99001
COLOR: 0.58800 0.58800 0.58800 1.00000
WEIGHTS: None

VERT:
-0.14415 3.80117 12.41899
0.00392 0.84035 0.54203
0.02311 0.98997
COLOR: 0.58800 0.58800 0.58800 1.00000
WEIGHTS: None

VERT:
-3.73298 3.90731 10.94384
-0.03928 0.89181 0.45069
0.02021 0.98896
COLOR: 0.58800 0.58800 0.58800 1.00000
WEIGHTS: None

VERT:
-3.71822 4.71663 9.58073
-0.22553 0.75720 0.61301
0.02019 0.98768
COLOR: 0.58800 0.58800 0.58800 1.00000
WEIGHTS: None

VERT:
-5.71281 4.52227 9.19565
-0.01528 0.90649 0.42195
0.01862 0.98742
COLOR: 0.58800 0.58800 0.58800 1.00000
WEIGHTS: None

VERT:
-5.72044 4.69860 10.67890
0.11272 0.94115 0.31863
0.01864 0.98849
COLOR: 0.58800 0.58800 0.58800 1.00000
WEIGHTS: None

VERT:
-5.81518 2.65436 12.24083
-0.12439 0.75552 0.64321
0.01861 0.99042
COLOR: 0.58800 0.58800 0.58800 1.00000
WEIGHTS: None

VERT:
-3.84136 3.14585 12.30608
-0.13379 0.77962 0.61180
0.02018 0.99021
COLOR: 0.58800 0.58800 0.58800 1.00000
WEIGHTS: None

VERT:
-8.11460 4.58938 10.78739
-0.12363 0.89351 0.43168
0.01697 0.98866
COLOR: 0.58800 0.58800 0.58800 1.00000
WEIGHTS: None

VERT:
-8.25503 4.45749 9.39533
-0.04039 0.93299 0.35762
0.01671 0.98763
COLOR: 0.58800 0.58800 0.58800 1.00000
WEIGHTS: None

VERT:
-11.21494 4.08664 9.75584
-0.33836 0.76114 0.55333
0.01440 0.98804
COLOR: 0.58800 0.58800 0.58800 1.00000
WEIGHTS: None

VERT:
-10.42336 3.03663 11.32852
-0.25612 0.72429 0.64016
0.01503 0.98954
COLOR: 0.58800 0.58800 0.58800 1.00000
WEIGHTS: None

VERT:
-9.78386 2.35943 12.34321
-0.08801 0.78658 0.61119
0.01552 0.99054
COLOR: 0.58800 0.58800 0.58800 1.00000
WEIGHTS: None

VERT:
-8.03945 2.49053 12.27089
-0.08802 0.75316 0.65192
0.01689 0.99049
COLOR: 0.58800 0.58800 0.58800 1.00000
WEIGHTS: None

VERT:
6.27349 6.40833 -2.82046
0.36541 0.88949 -0.27438
0.00861 0.96846
COLOR: 0.58800 0.58800 0.58800 1.00000
WEIGHTS: None

VERT:
5.40972 6.66635 -2.91770
-0.09733 0.85870 -0.50315
0.00932 0.96848
COLOR: 0.58800 0.58800 0.58800 1.00000
WEIGHTS: None

VERT:
5.22088 6.99808 -1.72911
-0.09505 0.98768 -0.12431
0.00945 0.96754
COLOR: 0.58800 0.58800 0.58800 1.00000
WEIGHTS: None

VERT:
4.83969 6.40833 -2.82046
-0.57325 0.69493 -0.43411
0.00981 0.96846
COLOR: 0.58800 0.58800 0.58800 1.00000
WEIGHTS: None

VERT:
4.72956 6.66635 -1.89630
-0.65499 0.73184 -0.18812
0.00988 0.96772
COLOR: 0.58800 0.58800 0.58800 1.00000
WEIGHTS: None

VERT:
4.56756 6.66635 -0.55556
-0.69578 0.70078 -0.15747
0.01005 0.96668
COLOR: 0.58800 0.58800 0.58800 1.00000
WEIGHTS: None

VERT:
5.09455 6.99808 -0.45171
-0.06833 0.99748 -0.01906
0.00956 0.96658
COLOR: 0.58800 0.58800 0.58800 1.00000
WEIGHTS: None

VERT:
6.05837 6.66635 -0.55556
0.36398 0.93050 0.04102
0.00875 0.96666
COLOR: 0.58800 0.58800 0.58800 1.00000
WEIGHTS: None

VERT:
6.08988 6.66635 -1.89630
0.37496 0.92147 -0.10150
0.00875 0.96771
COLOR: 0.58800 0.58800 0.58800 1.00000
WEIGHTS: None

VERT:
4.71555 6.99808 0.82569
-0.05258 0.99555 -0.07826
0.00986 0.96557
COLOR: 0.58800 0.58800 0.58800 1.00000
WEIGHTS: None

VERT:
4.08157 6.66635 0.78518
-0.71074 0.56136 -0.42394
0.01042 0.96561
COLOR: 0.58800 0.58800 0.58800 1.00000
WEIGHTS: None

VERT:
4.35758 6.99808 2.35148
0.09464 0.99550 0.00501
0.01015 0.96435
COLOR: 0.58800 0.58800 0.58800 1.00000
WEIGHTS: None

VERT:
5.90819 6.66635 2.38098
0.15500 0.98656 0.05175
0.00888 0.96433
COLOR: 0.58800 0.58800 0.58800 1.00000
WEIGHTS: None

VERT:
5.96384 6.66635 0.78518
0.29180 0.95550 -0.04338
0.00883 0.96559
COLOR: 0.58800 0.58800 0.58800 1.00000
WEIGHTS: None

VERT:
4.29432 6.99808 4.37404
0.09312 0.99330 0.06844
0.01017 0.96273
COLOR: 0.58800 0.58800 0.58800 1.00000
WEIGHTS: None

VERT:
4.79120 6.66635 6.32528
0.11554 0.93072 0.34701
0.00971 0.96117
COLOR: 0.58800 0.58800 0.58800 1.00000
WEIGHTS: None

VERT:
6.14873 6.40833 6.00151
0.28330 0.92969 0.23541
0.00862 0.96144
COLOR: 0.58800 0.58800 0.58800 1.00000
WEIGHTS: None

VERT:
5.99331 6.66635 4.48690
0.30840 0.95001 0.04878
0.00879 0.96266
COLOR: 0.58800 0.58800 0.58800 1.00000
WEIGHTS: None

VERT:
10.14078 4.15777 8.25608
0.35067 0.83464 0.42474
0.03143 0.98737
COLOR: 0.58800 0.58800 0.58800 1.00000
WEIGHTS: None

VERT:
7.27923 4.45749 8.76309
0.16348 0.79650 0.58212
0.02912 0.98746
COLOR: 0.58800 0.58800 0.58800 1.00000
WEIGHTS: None

VERT:
7.30546 3.47043 10.15675
0.16771 0.93885 0.30073
0.02908 0.98882
COLOR: 0.58800 0.58800 0.58800 1.00000
WEIGHTS: None

VERT:
7.16884 3.53715 11.64387
0.32976 0.86637 0.37505
0.02871 0.98988
COLOR: 0.58800 0.58800 0.58800 1.00000
WEIGHTS: None

VERT:
8.60448 2.35943 11.32013
0.43457 0.66349 0.60904
0.03010 0.99014
COLOR: 0.58800 0.58800 0.58800 1.00000
WEIGHTS: None

VERT:
9.19367 3.03663 10.17933
0.32532 0.77698 0.53895
0.03061 0.98910
COLOR: 0.58800 0.58800 0.58800 1.00000
WEIGHTS: None

VERT:
-12.45681 3.80117 -8.35809
-0.11409 0.86461 -0.48932
0.03008 0.96326
COLOR: 0.58800 0.58800 0.58800 1.00000
WEIGHTS: None

VERT:
-12.04790 4.34420 -6.63488
-0.11569 0.96675 -0.22805
0.02978 0.96187
COLOR: 0.58800 0.58800 0.58800 1.00000
WEIGHTS: None

VERT:
-13.94166 3.37882 -8.28206
-0.33944 0.84598 -0.41122
0.03128 0.96338
COLOR: 0.58800 0.58800 0.58800 1.00000
WEIGHTS: None

VERT:
-13.97612 3.80117 -6.95552
-0.43054 0.88319 -0.18605
0.03132 0.96226
COLOR: 0.58800 0.58800 0.58800 1.00000
WEIGHTS: None

VERT:
-13.74639 4.22090 -4.87729
-0.32305 0.84217 -0.43172
0.03118 0.96059
COLOR: 0.58800 0.58800 0.58800 1.00000
WEIGHTS: None

VERT:
-11.73794 4.67593 -5.06626
-0.12400 0.90217 -0.41318
0.02955 0.96062
COLOR: 0.58800 0.58800 0.58800 1.00000
WEIGHTS: None

VERT:
-9.87821 6.81544 -2.91770
-0.07566 0.77315 -0.62969
0.02187 0.96841
COLOR: 0.58800 0.58800 0.58800 1.00000
WEIGHTS: None

VERT:
-9.56825 7.59444 -1.72911
-0.08649 0.92605 -0.36736
0.02158 0.96735
COLOR: 0.58800 0.58800 0.58800 1.00000
WEIGHTS: None

VERT:
-10.97950 6.64025 -2.82046
-0.23980 0.79326 -0.55967
0.02274 0.96835
COLOR: 0.58800 0.58800 0.58800 1.00000
WEIGHTS: None

VERT:
-10.98461 7.18816 -1.89630
-0.38217 0.86884 -0.31475
0.02268 0.96752
COLOR: 0.58800 0.58800 0.58800 1.00000
WEIGHTS: None

VERT:
-10.98461 7.44907 -0.55556
-0.21911 0.97307 -0.07165
0.02265 0.96645
COLOR: 0.58800 0.58800 0.58800 1.00000
WEIGHTS: None

VERT:
-9.56825 7.89262 -0.45171
-0.10764 0.99419 0.00324
0.02153 0.96640
COLOR: 0.58800 0.58800 0.58800 1.00000
WEIGHTS: None

VERT:
-9.56825 7.59444 0.82569
-0.10610 0.96320 0.24697
0.02153 0.96543
COLOR: 0.58800 0.58800 0.58800 1.00000
WEIGHTS: None

VERT:
-10.98461 7.18816 0.78518
-0.13952 0.96583 0.21841
0.02266 0.96540
COLOR: 0.58800 0.58800 0.58800 1.00000
WEIGHTS: None

VERT:
-10.97273 6.79680 2.26264
-0.33056 0.90802 0.25736
0.02266 0.96422
COLOR: 0.58800 0.58800 0.58800 1.00000
WEIGHTS: None

VERT:
-9.61859 7.14717 2.33279
-0.12334 0.97736 0.17193
0.02157 0.96422
COLOR: 0.58800 0.58800 0.58800 1.00000
WEIGHTS: None

VERT:
-9.76958 6.99808 4.29929
-0.15960 0.98215 0.09954
0.02166 0.96268
COLOR: 0.58800 0.58800 0.58800 1.00000
WEIGHTS: None

VERT:
-10.93709 6.66635 4.01354
-0.43137 0.89719 0.09472
0.02260 0.96286
COLOR: 0.58800 0.58800 0.58800 1.00000
WEIGHTS: None

VERT:
-11.03629 6.40833 5.43515
-0.47492 0.86824 0.14355
0.02269 0.96174
COLOR: 0.58800 0.58800 0.58800 1.00000
WEIGHTS: None

VERT:
-10.25050 6.66635 6.18705
-0.28428 0.92533 0.25091
0.02202 0.96119
COLOR: 0.58800 0.58800 0.58800 1.00000
WEIGHTS: None

VERT:
17.54605 0.00000 -6.90000
0.77541 0.62989 -0.04443
0.02329 0.98292
COLOR: 0.58800 0.58800 0.58800 1.00000
WEIGHTS: None

VERT:
17.54605 0.00000 -9.20000
0.67372 0.72382 -0.14892
0.02509 0.98266
COLOR: 0.58800 0.58800 0.58800 1.00000
WEIGHTS: None

VERT:
15.49592 2.17210 -7.91744
0.63061 0.74449 -0.21922
0.02374 0.98047
COLOR: 0.58800 0.58800 0.58800 1.00000
WEIGHTS: None

VERT:
16.86263 0.00000 -10.92500
0.46142 0.74577 -0.48053
0.02644 0.98206
COLOR: 0.58800 0.58800 0.58800 1.00000
WEIGHTS: None

VERT:
14.88914 2.17210 -9.44898
0.40861 0.77861 -0.47625
0.02493 0.97993
COLOR: 0.58800 0.58800 0.58800 1.00000
WEIGHTS: None

VERT:
13.40351 3.37882 -8.28206
0.34988 0.85436 -0.38426
0.02383 0.97854
COLOR: 0.58800 0.58800 0.58800 1.00000
WEIGHTS: None

VERT:
13.48011 3.80117 -6.95552
0.36579 0.91765 -0.15530
0.02272 0.97854
COLOR: 0.58800 0.58800 0.58800 1.00000
WEIGHTS: None

VERT:
13.51906 3.69900 -5.10691
0.34106 0.93578 0.08939
0.02126 0.97878
COLOR: 0.58800 0.58800 0.58800 1.00000
WEIGHTS: None

VERT:
15.49592 2.91770 -5.87538
0.62301 0.77947 -0.06546
0.02208 0.98032
COLOR: 0.58800 0.58800 0.58800 1.00000
WEIGHTS: None

VERT:
16.86263 0.00000 -10.92500
0.46142 0.74577 -0.48053
0.01036 0.97221
COLOR: 0.58800 0.58800 0.58800 1.00000
WEIGHTS: None

VERT:
14.81236 0.00000 -11.50000
0.06801 0.61366 -0.78663
0.01194 0.97168
COLOR: 0.58800 0.58800 0.58800 1.00000
WEIGHTS: None

VERT:
13.06881 2.17210 -9.95950
-0.04001 0.61783 -0.78529
0.01214 0.96921
COLOR: 0.58800 0.58800 0.58800 1.00000
WEIGHTS: None

VERT:
12.76209 0.00000 -10.92500
-0.49765 0.24445 -0.83222
0.01328 0.97068
COLOR: 0.58800 0.58800 0.58800 1.00000
WEIGHTS: None

VERT:
11.30040 2.17210 -9.44898
-0.72592 0.15809 -0.66936
0.01327 0.96833
COLOR: 0.58800 0.58800 0.58800 1.00000
WEIGHTS: None

VERT:
10.95838 3.37882 -8.28206
-0.64362 0.52905 -0.55305
0.01290 0.96704
COLOR: 0.58800 0.58800 0.58800 1.00000
WEIGHTS: None

VERT:
11.81307 3.80117 -8.35809
-0.11719 0.83350 -0.53994
0.01217 0.96718
COLOR: 0.58800 0.58800 0.58800 1.00000
WEIGHTS: None

VERT:
13.40351 3.37882 -8.28206
0.34988 0.85436 -0.38426
0.01112 0.96795
COLOR: 0.58800 0.58800 0.58800 1.00000
WEIGHTS: None

VERT:
14.88914 2.17210 -9.44898
0.40861 0.77861 -0.47625
0.01074 0.96966
COLOR: 0.58800 0.58800 0.58800 1.00000
WEIGHTS: None

VERT:
12.76209 0.00000 -10.92500
-0.49765 0.24445 -0.83222
0.03170 0.97125
COLOR: 0.58800 0.58800 0.58800 1.00000
WEIGHTS: None

VERT:
12.07867 0.00000 -9.20000
-0.88466 -0.26693 -0.38227
0.03301 0.97069
COLOR: 0.58800 0.58800 0.58800 1.00000
WEIGHTS: None

VERT:
10.84942 2.17210 -7.91744
-0.92150 -0.17106 -0.34867
0.03352 0.96854
COLOR: 0.58800 0.58800 0.58800 1.00000
WEIGHTS: None

VERT:
11.13505 0.00000 -7.47500
-0.58833 0.11475 -0.80044
0.03440 0.97006
COLOR: 0.58800 0.58800 0.58800 1.00000
WEIGHTS: None

VERT:
10.12040 2.17210 -6.38589
-0.44029 0.43011 -0.78813
0.03479 0.96797
COLOR: 0.58800 0.58800 0.58800 1.00000
WEIGHTS: None

VERT:
9.72653 4.24272 -4.87635
-0.00641 0.88192 -0.47135
0.03503 0.96588
COLOR: 0.58800 0.58800 0.58800 1.00000
WEIGHTS: None

VERT:
10.40569 3.80117 -6.95552
-0.76358 0.54542 -0.34563
0.03373 0.96702
COLOR: 0.58800 0.58800 0.58800 1.00000
WEIGHTS: None

VERT:
10.95838 3.37882 -8.28206
-0.64362 0.52905 -0.55305
0.03285 0.96779
COLOR: 0.58800 0.58800 0.58800 1.00000
WEIGHTS: None

VERT:
11.30040 2.17210 -9.44898
-0.72592 0.15809 -0.66936
0.03235 0.96902
COLOR: 0.58800 0.58800 0.58800 1.00000
WEIGHTS: None

VERT:
8.30417 0.00000 -8.24252
-0.07277 0.40686 -0.91059
0.03663 0.96997
COLOR: 0.58800 0.58800 0.58800 1.00000
WEIGHTS: None

VERT:
7.51788 2.17210 -7.21790
-0.15976 0.52352 -0.83690
0.03693 0.96811
COLOR: 0.58800 0.58800 0.58800 1.00000
WEIGHTS: None

VERT:
5.47330 0.00000 -6.32500
-0.68375 0.12198 -0.71945
0.03909 0.96902
COLOR: 0.58800 0.58800 0.58800 1.00000
WEIGHTS: None

VERT:
4.86343 2.17210 -5.36487
-0.73374 0.13007 -0.66686
0.03916 0.96709
COLOR: 0.58800 0.58800 0.58800 1.00000
WEIGHTS: None

VERT:
4.48687 4.13291 -4.43007
-0.62435 0.36422 -0.69103
0.03921 0.96536
COLOR: 0.58800 0.58800 0.58800 1.00000
WEIGHTS: None

VERT:
6.73932 4.13291 -4.87638
-0.06208 0.62621 -0.77718
0.03742 0.96574
COLOR: 0.58800 0.58800 0.58800 1.00000
WEIGHTS: None

VERT:
5.47330 0.00000 -6.32500
-0.68375 0.12198 -0.71945
0.03090 0.98686
COLOR: 0.58800 0.58800 0.58800 1.00000
WEIGHTS: None

VERT:
4.52968 0.00000 -4.60000
-0.92853 -0.10235 -0.35688
0.03245 0.98665
COLOR: 0.58800 0.58800 0.58800 1.00000
WEIGHTS: None

VERT:
3.97862 2.17210 -3.83332
-0.94949 -0.05831 -0.30833
0.03294 0.98484
COLOR: 0.58800 0.58800 0.58800 1.00000
WEIGHTS: None

VERT:
4.25097 0.00000 -2.87500
-0.89442 -0.03845 -0.44557
0.03383 0.98651
COLOR: 0.58800 0.58800 0.58800 1.00000
WEIGHTS: None

VERT:
3.83873 1.99109 -2.34417
-0.92558 0.00928 -0.37843
0.03416 0.98485
COLOR: 0.58800 0.58800 0.58800 1.00000
WEIGHTS: None

VERT:
3.62035 3.91936 -1.36529
-0.98448 0.17428 -0.02063
0.03468 0.98318
COLOR: 0.58800 0.58800 0.58800 1.00000
WEIGHTS: None

VERT:
3.73605 4.13291 -3.09112
-0.94843 0.16638 -0.26979
0.03333 0.98326
COLOR: 0.58800 0.58800 0.58800 1.00000
WEIGHTS: None

VERT:
4.48687 4.13291 -4.43007
-0.62435 0.36422 -0.69103
0.03215 0.98338
COLOR: 0.58800 0.58800 0.58800 1.00000
WEIGHTS: None

VERT:
4.86343 2.17210 -5.36487
-0.73374 0.13007 -0.66686
0.03156 0.98502
COLOR: 0.58800 0.58800 0.58800 1.00000
WEIGHTS: None

VERT:
3.41484 0.00000 -2.30000
-0.57952 0.22999 -0.78183
0.03463 0.98643
COLOR: 0.58800 0.58800 0.58800 1.00000
WEIGHTS: None

VERT:
3.41908 1.44806 -1.96084
-0.78051 0.13078 -0.61131
0.03467 0.98523
COLOR: 0.58800 0.58800 0.58800 1.00000
WEIGHTS: None

VERT:
2.57871 0.00000 -1.72500
-0.80309 0.36617 -0.47007
0.03543 0.98636
COLOR: 0.58800 0.58800 0.58800 1.00000
WEIGHTS: None

VERT:
3.11260 1.99109 -1.32314
-0.93723 0.25306 -0.23990
0.03516 0.98470
COLOR: 0.58800 0.58800 0.58800 1.00000
WEIGHTS: None

VERT:
2.30000 0.00000 0.00000
-0.87421 0.44097 -0.20320
0.03674 0.98595
COLOR: 0.58800 0.58800 0.58800 1.00000
WEIGHTS: None

VERT:
3.30379 2.17210 0.25080
-0.92862 0.35624 -0.10371
0.03628 0.98414
COLOR: 0.58800 0.58800 0.58800 1.00000
WEIGHTS: None

VERT:
1.72500 -0.00000 1.72500
-0.57891 0.31074 -0.75386
0.03815 0.98560
COLOR: 0.58800 0.58800 0.58800 1.00000
WEIGHTS: None

VERT:
2.90027 2.17210 1.79073
-0.66306 0.28719 -0.69129
0.03744 0.98386
COLOR: 0.58800 0.58800 0.58800 1.00000
WEIGHTS: None

VERT:
3.57054 4.17039 1.83243
-0.71227 0.05252 -0.69994
0.03700 0.98243
COLOR: 0.58800 0.58800 0.58800 1.00000
WEIGHTS: None

VERT:
3.99103 4.13291 0.47941
-0.98469 0.14522 -0.09641
0.03601 0.98261
COLOR: 0.58800 0.58800 0.58800 1.00000
WEIGHTS: None

VERT:
0.00000 -0.00000 2.30000
0.05984 0.03386 -0.99763
0.03958 0.98565
COLOR: 0.58800 0.58800 0.58800 1.00000
WEIGHTS: None

VERT:
0.80969 2.17210 2.32640
-0.03893 0.03992 -0.99844
0.03905 0.98393
COLOR: 0.58800 0.58800 0.58800 1.00000
WEIGHTS: None

VERT:
-1.50921 -0.00000 1.72500
0.82036 0.02549 -0.57128
0.04085 0.98570
COLOR: 0.58800 0.58800 0.58800 1.00000
WEIGHTS: None

VERT:
-1.28301 2.17210 1.83266
0.68310 -0.00774 -0.73029
0.04072 0.98399
COLOR: 0.58800 0.58800 0.58800 1.00000
WEIGHTS: None

VERT:
-1.19360 4.35779 1.90284
0.56675 0.02632 -0.82347
0.04068 0.98227
COLOR: 0.58800 0.58800 0.58800 1.00000
WEIGHTS: None

VERT:
1.24169 4.28283 2.32100
-0.04864 -0.00878 -0.99878
0.03876 0.98230
COLOR: 0.58800 0.58800 0.58800 1.00000
WEIGHTS: None

VERT:
-1.50921 -0.00000 1.72500
0.82036 0.02549 -0.57128
0.03334 0.97062
COLOR: 0.58800 0.58800 0.58800 1.00000
WEIGHTS: None

VERT:
-1.43685 0.00000 0.00000
0.98213 0.13025 0.13583
0.03331 0.97196
COLOR: 0.58800 0.58800 0.58800 1.00000
WEIGHTS: None

VERT:
-1.69285 2.17210 0.28434
0.99465 0.09759 -0.03379
0.03502 0.97177
COLOR: 0.58800 0.58800 0.58800 1.00000
WEIGHTS: None

VERT:
-0.78948 0.00000 -2.30000
0.96062 0.23187 0.15310
0.03319 0.97380
COLOR: 0.58800 0.58800 0.58800 1.00000
WEIGHTS: None

VERT:
-1.36917 2.17210 -1.78288
0.97159 0.20733 0.11412
0.03495 0.97341
COLOR: 0.58800 0.58800 0.58800 1.00000
WEIGHTS: None

VERT:
-1.85252 4.17039 -1.29178
0.98260 0.18226 0.03570
0.03656 0.97305
COLOR: 0.58800 0.58800 0.58800 1.00000
WEIGHTS: None

VERT:
-1.93344 4.28283 0.53573
0.97066 0.10891 -0.21439
0.03670 0.97162
COLOR: 0.58800 0.58800 0.58800 1.00000
WEIGHTS: None

VERT:
-1.19360 4.35779 1.90284
0.56675 0.02632 -0.82347
0.03672 0.97040
COLOR: 0.58800 0.58800 0.58800 1.00000
WEIGHTS: None

VERT:
-1.28301 2.17210 1.83266
0.68310 -0.00774 -0.73029
0.03503 0.97052
COLOR: 0.58800 0.58800 0.58800 1.00000
WEIGHTS: None

VERT:
-0.57369 0.00000 -4.60000
0.91689 0.37158 -0.14570
0.03313 0.97559
COLOR: 0.58800 0.58800 0.58800 1.00000
WEIGHTS: None

VERT:
-1.26128 2.17210 -3.83332
0.92350 0.34627 -0.16505
0.03491 0.97502
COLOR: 0.58800 0.58800 0.58800 1.00000
WEIGHTS: None

VERT:
-1.09952 0.00000 -6.32500
0.60168 0.52155 -0.60495
0.03325 0.97699
COLOR: 0.58800 0.58800 0.58800 1.00000
WEIGHTS: None

VERT:
-1.92453 2.17210 -5.36487
0.56872 0.49414 -0.65756
0.03507 0.97630
COLOR: 0.58800 0.58800 0.58800 1.00000
WEIGHTS: None

VERT:
-2.56344 4.13291 -4.43007
0.51496 0.49013 -0.70327
0.03669 0.97563
COLOR: 0.58800 0.58800 0.58800 1.00000
WEIGHTS: None

VERT:
-1.82554 4.13291 -3.09112
0.91820 0.32376 -0.22822
0.03651 0.97446
COLOR: 0.58800 0.58800 0.58800 1.00000
WEIGHTS: None

VERT:
-1.09952 0.00000 -6.32500
0.60168 0.52155 -0.60495
0.02867 0.98299
COLOR: 0.58800 0.58800 0.58800 1.00000
WEIGHTS: None

VERT:
-2.67699 0.00000 -6.90000
0.27370 0.54710 -0.79105
0.02995 0.98325
COLOR: 0.58800 0.58800 0.58800 1.00000
WEIGHTS: None

VERT:
-3.91429 2.17210 -5.87538
0.20595 0.51932 -0.82939
0.03098 0.98141
COLOR: 0.58800 0.58800 0.58800 1.00000
WEIGHTS: None

VERT:
-4.25446 0.00000 -7.47500
0.49941 0.67388 -0.54449
0.03123 0.98351
COLOR: 0.58800 0.58800 0.58800 1.00000
WEIGHTS: None

VERT:
-5.90405 2.17210 -6.38589
0.45391 0.68754 -0.56680
0.03256 0.98165
COLOR: 0.58800 0.58800 0.58800 1.00000
WEIGHTS: None

VERT:
-7.61757 4.20897 -5.16294
0.26421 0.74715 -0.60988
0.03393 0.97982
COLOR: 0.58800 0.58800 0.58800 1.00000
WEIGHTS: None

VERT:
-4.77714 4.13291 -4.87638
0.12200 0.51902 -0.84601
0.03170 0.97971
COLOR: 0.58800 0.58800 0.58800 1.00000
WEIGHTS: None

VERT:
-2.56344 4.13291 -4.43007
0.51496 0.49013 -0.70327
0.02995 0.97949
COLOR: 0.58800 0.58800 0.58800 1.00000
WEIGHTS: None

VERT:
-1.92453 2.17210 -5.36487
0.56872 0.49414 -0.65756
0.02939 0.98117
COLOR: 0.58800 0.58800 0.58800 1.00000
WEIGHTS: None

VERT:
-4.25446 0.00000 -7.47500
0.49941 0.67388 -0.54449
0.02278 0.96464
COLOR: 0.58800 0.58800 0.58800 1.00000
WEIGHTS: None

VERT:
-4.78029 0.00000 -9.20000
0.66977 0.68671 -0.28256
0.02367 0.96573
COLOR: 0.58800 0.58800 0.58800 1.00000
WEIGHTS: None

VERT:
-6.56730 2.17210 -7.91744
0.64883 0.71484 -0.26080
0.02514 0.96381
COLOR: 0.58800 0.58800 0.58800 1.00000
WEIGHTS: None

VERT:
-5.78622 0.00000 -10.92500
0.44704 0.67120 -0.59132
0.02484 0.96677
COLOR: 0.58800 0.58800 0.58800 1.00000
WEIGHTS: None

VERT:
-7.18033 2.17210 -9.44898
0.44895 0.72392 -0.52382
0.02599 0.96475
COLOR: 0.58800 0.58800 0.58800 1.00000
WEIGHTS: None

VERT:
-8.12769 3.80117 -6.95552
0.48215 0.82670 -0.29000
0.02638 0.96235
COLOR: 0.58800 0.58800 0.58800 1.00000
WEIGHTS: None

VERT:
-7.61757 4.20897 -5.16294
0.26421 0.74715 -0.60988
0.02564 0.96106
COLOR: 0.58800 0.58800 0.58800 1.00000
WEIGHTS: None

VERT:
-5.90405 2.17210 -6.38589
0.45391 0.68754 -0.56680
0.02424 0.96287
COLOR: 0.58800 0.58800 0.58800 1.00000
WEIGHTS: None

VERT:
-8.80403 0.00000 -11.50000
0.07765 0.58187 -0.80957
0.02724 0.96710
COLOR: 0.58800 0.58800 0.58800 1.00000
WEIGHTS: None

VERT:
-9.01942 2.17210 -9.95950
0.09204 0.64799 -0.75607
0.02743 0.96503
COLOR: 0.58800 0.58800 0.58800 1.00000
WEIGHTS: None

VERT:
-12.44469 0.00000 -11.50000
0.00000 0.57850 -0.81568
0.03010 0.96711
COLOR: 0.58800 0.58800 0.58800 1.00000
WEIGHTS: None

VERT:
-11.41150 2.17210 -9.95950
0.00000 0.64181 -0.76686
0.02928 0.96504
COLOR: 0.58800 0.58800 0.58800 1.00000
WEIGHTS: None

VERT:
-15.31920 0.00000 -11.50000
-0.14427 0.64243 -0.75264
0.03237 0.96707
COLOR: 0.58800 0.58800 0.58800 1.00000
WEIGHTS: None

VERT:
-13.68355 2.17210 -9.95950
-0.10418 0.68506 -0.72100
0.03104 0.96502
COLOR: 0.58800 0.58800 0.58800 1.00000
WEIGHTS: None

VERT:
-17.18777 0.00000 -10.92500
-0.47906 0.73405 -0.48133
0.03387 0.96671
COLOR: 0.58800 0.58800 0.58800 1.00000
WEIGHTS: None

VERT:
-15.34256 2.17210 -9.44898
-0.42948 0.76912 -0.47328
0.03234 0.96474
COLOR: 0.58800 0.58800 0.58800 1.00000
WEIGHTS: None

VERT:
-17.81063 0.00000 -9.20000
-0.69869 0.70085 -0.14367
0.03476 0.96556
COLOR: 0.58800 0.58800 0.58800 1.00000
WEIGHTS: None

VERT:
-15.89557 2.17210 -7.91744
-0.67113 0.73237 -0.11493
0.03309 0.96373
COLOR: 0.58800 0.58800 0.58800 1.00000
WEIGHTS: None

VERT:
-17.81063 0.00000 -6.90000
-0.75009 0.66133 0.00000
0.03547 0.96390
COLOR: 0.58800 0.58800 0.58800 1.00000
WEIGHTS: None

VERT:
-15.89557 2.17210 -5.87538
-0.75328 0.65483 -0.06133
0.03370 0.96227
COLOR: 0.58800 0.58800 0.58800 1.00000
WEIGHTS: None

VERT:
-13.74639 4.22090 -4.87729
-0.32305 0.84217 -0.43172
0.03183 0.96067
COLOR: 0.58800 0.58800 0.58800 1.00000
WEIGHTS: None

VERT:
-13.97612 3.80117 -6.95552
-0.43054 0.88319 -0.18605
0.03154 0.96231
COLOR: 0.58800 0.58800 0.58800 1.00000
WEIGHTS: None

VERT:
-17.81063 0.00000 -6.90000
-0.75009 0.66133 0.00000
0.01991 0.97540
COLOR: 0.58800 0.58800 0.58800 1.00000
WEIGHTS: None

VERT:
-17.81063 0.00000 -4.60000
-0.75009 0.66133 0.00000
0.02183 0.97553
COLOR: 0.58800 0.58800 0.58800 1.00000
WEIGHTS: None

VERT:
-15.89557 2.17210 -3.83332
-0.87280 0.48808 -0.00041
0.02262 0.97317
COLOR: 0.58800 0.58800 0.58800 1.00000
WEIGHTS: None

VERT:
-17.81063 0.00000 -2.30000
-0.80089 0.58925 -0.10662
0.02372 0.97567
COLOR: 0.58800 0.58800 0.58800 1.00000
WEIGHTS: None

VERT:
-15.89557 2.17210 -1.79126
-0.82480 0.52960 -0.19808
0.02427 0.97338
COLOR: 0.58800 0.58800 0.58800 1.00000
WEIGHTS: None

VERT:
-14.86979 5.54964 -1.30586
-0.87284 0.48799 0.00417
0.02500 0.97083
COLOR: 0.58800 0.58800 0.58800 1.00000
WEIGHTS: None

VERT:
-14.86979 5.51237 -3.09112
-0.60704 0.69815 -0.37960
0.02373 0.97080
COLOR: 0.58800 0.58800 0.58800 1.00000
WEIGHTS: None

VERT:
-13.74639 4.22090 -4.87729
-0.32305 0.84217 -0.43172
0.02194 0.97066
COLOR: 0.58800 0.58800 0.58800 1.00000
WEIGHTS: None

VERT:
-15.89557 2.17210 -5.87538
-0.75328 0.65483 -0.06133
0.02093 0.97305
COLOR: 0.58800 0.58800 0.58800 1.00000
WEIGHTS: None

VERT:
-17.81063 0.00000 0.00000
-0.97085 0.23946 0.01001
0.02561 0.97590
COLOR: 0.58800 0.58800 0.58800 1.00000
WEIGHTS: None

VERT:
-17.27229 2.17210 0.25080
-0.86438 0.47566 -0.16307
0.02598 0.97415
COLOR: 0.58800 0.58800 0.58800 1.00000
WEIGHTS: None

VERT:
-17.75554 -0.00000 2.47856
-0.92055 0.35579 0.16124
0.02764 0.97603
COLOR: 0.58800 0.58800 0.58800 1.00000
WEIGHTS: None

VERT:
-17.22338 2.17210 2.45139
-0.87132 0.41341 0.26437
0.02769 0.97423
COLOR: 0.58800 0.58800 0.58800 1.00000
WEIGHTS: None

VERT:
-14.82703 5.45646 2.40327
-0.53115 0.80748 0.25661
0.02779 0.97110
COLOR: 0.58800 0.58800 0.58800 1.00000
WEIGHTS: None

VERT:
-14.86979 5.51237 0.47941
-0.75038 0.65696 0.07305
0.02633 0.97104
COLOR: 0.58800 0.58800 0.58800 1.00000
WEIGHTS: None

VERT:
-17.59027 -0.00000 5.31424
-0.74412 0.66193 0.09017
0.02999 0.97603
COLOR: 0.58800 0.58800 0.58800 1.00000
WEIGHTS: None

VERT:
-15.69992 2.17210 4.96905
-0.73389 0.63750 0.23452
0.02997 0.97364
COLOR: 0.58800 0.58800 0.58800 1.00000
WEIGHTS: None

VERT:
-17.09357 -0.00000 8.04494
-0.70763 0.66734 0.23223
0.03228 0.97600
COLOR: 0.58800 0.58800 0.58800 1.00000
WEIGHTS: None

VERT:
-15.25893 2.17210 7.39351
-0.69952 0.67696 0.22889
0.03199 0.97360
COLOR: 0.58800 0.58800 0.58800 1.00000
WEIGHTS: None

VERT:
-13.52413 4.13291 6.72390
-0.66775 0.71144 0.21899
0.03165 0.97140
COLOR: 0.58800 0.58800 0.58800 1.00000
WEIGHTS: None

VERT:
-13.90966 4.13291 4.60432
-0.65814 0.67068 0.34210
0.02988 0.97146
COLOR: 0.58800 0.58800 0.58800 1.00000
WEIGHTS: None

VERT:
-17.09357 -0.00000 8.04494
-0.70763 0.66734 0.23223
0.00861 0.98876
COLOR: 0.58800 0.58800 0.58800 1.00000
WEIGHTS: None

VERT:
-16.04420 -0.00000 10.20860
-0.63601 0.67033 0.38230
0.00986 0.99018
COLOR: 0.58800 0.58800 0.58800 1.00000
WEIGHTS: None

VERT:
-14.32724 2.17210 9.31452
-0.60996 0.68545 0.39763
0.01155 0.98864
COLOR: 0.58800 0.58800 0.58800 1.00000
WEIGHTS: None

VERT:
-14.76959 -0.00000 12.00664
-0.56751 0.69963 0.43411
0.01114 0.99136
COLOR: 0.58800 0.58800 0.58800 1.00000
WEIGHTS: None

VERT:
-13.19557 2.06288 10.91091
-0.49775 0.72139 0.48150
0.01265 0.98972
COLOR: 0.58800 0.58800 0.58800 1.00000
WEIGHTS: None

VERT:
-12.70960 4.13291 8.40333
-0.54577 0.71721 0.43329
0.01308 0.98717
COLOR: 0.58800 0.58800 0.58800 1.00000
WEIGHTS: None

VERT:
-13.52413 4.13291 6.72390
-0.66775 0.71144 0.21899
0.01212 0.98607
COLOR: 0.58800 0.58800 0.58800 1.00000
WEIGHTS: None

VERT:
-15.25893 2.17210 7.39351
-0.69952 0.67696 0.22889
0.01044 0.98738
COLOR: 0.58800 0.58800 0.58800 1.00000
WEIGHTS: None

VERT:
-13.59717 -0.00000 13.64051
-0.44788 0.76167 0.46825
0.01231 0.99243
COLOR: 0.58800 0.58800 0.58800 1.00000
WEIGHTS: None

VERT:
-12.15464 1.73522 12.36154
-0.36306 0.76383 0.53363
0.01358 0.99082
COLOR: 0.58800 0.58800 0.58800 1.00000
WEIGHTS: None

VERT:
-12.05919 -0.00000 14.80274
-0.29420 0.77361 0.56123
0.01363 0.99320
COLOR: 0.58800 0.58800 0.58800 1.00000
WEIGHTS: None

VERT:
-10.78914 1.40755 13.39343
-0.22810 0.80011 0.55478
0.01469 0.99165
COLOR: 0.58800 0.58800 0.58800 1.00000
WEIGHTS: None

VERT:
-9.68792 -0.00000 15.18585
-0.09107 0.56954 0.81690
0.01551 0.99349
COLOR: 0.58800 0.58800 0.58800 1.00000
WEIGHTS: None

VERT:
-8.68381 1.29833 14.38287
-0.09707 0.74110 0.66434
0.01637 0.99235
COLOR: 0.58800 0.58800 0.58800 1.00000
WEIGHTS: None

VERT:
-7.02198 -0.00000 15.18103
0.03484 0.51459 0.85673
0.01762 0.99359
COLOR: 0.58800 0.58800 0.58800 1.00000
WEIGHTS: None

VERT:
-6.31685 1.40755 14.37858
0.05333 0.65402 0.75460
0.01820 0.99233
COLOR: 0.58800 0.58800 0.58800 1.00000
WEIGHTS: None

VERT:
-4.60000 -0.00000 15.17942
-0.08123 0.58641 0.80593
0.01954 0.99360
COLOR: 0.58800 0.58800 0.58800 1.00000
WEIGHTS: None

VERT:
-4.16649 1.73521 13.72786
-0.11631 0.69216 0.71231
0.01991 0.99180
COLOR: 0.58800 0.58800 0.58800 1.00000
WEIGHTS: None

VERT:
-2.30000 -0.00000 15.17942
-0.00381 0.31957 0.94756
0.02134 0.99363
COLOR: 0.58800 0.58800 0.58800 1.00000
WEIGHTS: None

VERT:
-2.12443 2.06288 14.47536
-0.14557 0.60971 0.77914
0.02159 0.99199
COLOR: 0.58800 0.58800 0.58800 1.00000
WEIGHTS: None

VERT:
0.00000 -0.00000 15.17942
0.08186 0.39053 0.91694
0.02317 0.99368
COLOR: 0.58800 0.58800 0.58800 1.00000
WEIGHTS: None

VERT:
-0.08237 2.17210 14.47536
0.12606 0.54899 0.82627
0.02308 0.99193
COLOR: 0.58800 0.58800 0.58800 1.00000
WEIGHTS: None

VERT:
2.30000 -0.00000 15.17942
-0.04735 0.53006 0.84664
0.02499 0.99370
COLOR: 0.58800 0.58800 0.58800 1.00000
WEIGHTS: None

VERT:
1.95969 2.06288 13.72787
0.11013 0.63181 0.76726
0.02474 0.99169
COLOR: 0.58800 0.58800 0.58800 1.00000
WEIGHTS: None

VERT:
4.60000 -0.00000 15.17942
0.06828 0.46249 0.88399
0.02683 0.99370
COLOR: 0.58800 0.58800 0.58800 1.00000
WEIGHTS: None

VERT:
4.00174 1.73521 14.37038
0.00587 0.62824 0.77800
0.02633 0.99222
COLOR: 0.58800 0.58800 0.58800 1.00000
WEIGHTS: None

VERT:
6.83242 -0.00000 14.98861
0.22517 0.64876 0.72692
0.02861 0.99355
COLOR: 0.58800 0.58800 0.58800 1.00000
WEIGHTS: None

VERT:
5.98380 1.40755 14.20097
0.25831 0.60288 0.75486
0.02788 0.99233
COLOR: 0.58800 0.58800 0.58800 1.00000
WEIGHTS: None

VERT:
8.92967 -0.00000 14.41617
0.23557 0.78056 0.57900
0.03031 0.99323
COLOR: 0.58800 0.58800 0.58800 1.00000
WEIGHTS: None

VERT:
7.84585 1.29833 13.05022
0.36055 0.69181 0.62562
0.02948 0.99174
COLOR: 0.58800 0.58800 0.58800 1.00000
WEIGHTS: None

VERT:
10.66754 -0.00000 13.43415
0.40311 0.74981 0.52468
0.03176 0.99264
COLOR: 0.58800 0.58800 0.58800 1.00000
WEIGHTS: None

VERT:
9.44105 1.40755 12.17832
0.31066 0.76934 0.55821
0.03078 0.99115
COLOR: 0.58800 0.58800 0.58800 1.00000
WEIGHTS: None

VERT:
11.82183 -0.00000 12.01454
0.57051 0.65944 0.48955
0.03289 0.99175
COLOR: 0.58800 0.58800 0.58800 1.00000
WEIGHTS: None

VERT:
10.62257 1.73522 10.91793
0.43253 0.71594 0.54804
0.03181 0.99021
COLOR: 0.58800 0.58800 0.58800 1.00000
WEIGHTS: None

VERT:
13.04543 -0.00000 10.42610
0.56369 0.59159 0.57643
0.03413 0.99078
COLOR: 0.58800 0.58800 0.58800 1.00000
WEIGHTS: None

VERT:
11.81341 2.06288 9.50762
0.48264 0.66509 0.56984
0.03288 0.98919
COLOR: 0.58800 0.58800 0.58800 1.00000
WEIGHTS: None

VERT:
13.04543 -0.00000 10.42610
0.56369 0.59159 0.57643
0.00861 0.98228
COLOR: 0.58800 0.58800 0.58800 1.00000
WEIGHTS: None

VERT:
14.99126 -0.00000 8.93753
0.53647 0.60730 0.58599
0.01031 0.98323
COLOR: 0.58800 0.58800 0.58800 1.00000
WEIGHTS: None

VERT:
13.43656 2.17210 8.18600
0.50513 0.67412 0.53889
0.01079 0.98109
COLOR: 0.58800 0.58800 0.58800 1.00000
WEIGHTS: None

VERT:
16.75245 -0.00000 7.20870
0.63396 0.69462 0.33999
0.01211 0.98403
COLOR: 0.58800 0.58800 0.58800 1.00000
WEIGHTS: None

VERT:
14.84355 2.10398 6.65105
0.61419 0.72836 0.30375
0.01226 0.98176
COLOR: 0.58800 0.58800 0.58800 1.00000
WEIGHTS: None

VERT:
13.51663 3.19718 6.10416
0.52553 0.82862 0.19289
0.01246 0.98036
COLOR: 0.58800 0.58800 0.58800 1.00000
WEIGHTS: None

VERT:
12.25319 3.73306 6.97875
0.43019 0.85322 0.29489
0.01155 0.97945
COLOR: 0.58800 0.58800 0.58800 1.00000
WEIGHTS: None

VERT:
10.14078 4.15777 8.25608
0.35067 0.83464 0.42474
0.01006 0.97814
COLOR: 0.58800 0.58800 0.58800 1.00000
WEIGHTS: None

VERT:
11.81341 2.06288 9.50762
0.48264 0.66509 0.56984
0.00930 0.98036
COLOR: 0.58800 0.58800 0.58800 1.00000
WEIGHTS: None

VERT:
17.42213 -0.00000 4.89945
0.71016 0.68248 0.17287
0.01400 0.98415
COLOR: 0.58800 0.58800 0.58800 1.00000
WEIGHTS: None

VERT:
15.38589 1.89964 4.60078
0.60784 0.76064 0.22796
0.01392 0.98195
COLOR: 0.58800 0.58800 0.58800 1.00000
WEIGHTS: None

VERT:
17.51507 -0.00000 2.37486
0.82235 0.56872 0.01733
0.01598 0.98391
COLOR: 0.58800 0.58800 0.58800 1.00000
WEIGHTS: None

VERT:
15.46841 2.98270 2.35932
0.55084 0.81969 0.15710
0.01563 0.98118
COLOR: 0.58800 0.58800 0.58800 1.00000
WEIGHTS: None

VERT:
13.51801 3.61352 2.38254
0.27002 0.96016 0.07194
0.01534 0.97967
COLOR: 0.58800 0.58800 0.58800 1.00000
WEIGHTS: None

VERT:
13.47442 3.39249 4.51627
0.47562 0.87723 0.06530
0.01369 0.98004
COLOR: 0.58800 0.58800 0.58800 1.00000
WEIGHTS: None

VERT:
17.54605 0.00000 0.00000
0.76234 0.64327 -0.07095
0.01785 0.98363
COLOR: 0.58800 0.58800 0.58800 1.00000
WEIGHTS: None

VERT:
15.49592 2.91458 0.25080
0.58002 0.79349 -0.18424
0.01716 0.98102
COLOR: 0.58800 0.58800 0.58800 1.00000
WEIGHTS: None

VERT:
17.54605 0.00000 -2.30000
0.70810 0.70254 0.07085
0.01963 0.98338
COLOR: 0.58800 0.58800 0.58800 1.00000
WEIGHTS: None

VERT:
15.49592 1.69530 -1.79126
0.64418 0.76487 0.00287
0.01894 0.98134
COLOR: 0.58800 0.58800 0.58800 1.00000
WEIGHTS: None

VERT:
13.53212 3.08598 -1.40971
0.43955 0.89396 -0.08732
0.01838 0.97949
COLOR: 0.58800 0.58800 0.58800 1.00000
WEIGHTS: None

VERT:
13.53234 3.51135 0.43889
0.25221 0.96290 -0.09597
0.01687 0.97948
COLOR: 0.58800 0.58800 0.58800 1.00000
WEIGHTS: None

VERT:
17.54605 0.00000 -4.60000
0.80730 0.59004 0.01066
0.02147 0.98318
COLOR: 0.58800 0.58800 0.58800 1.00000
WEIGHTS: None

VERT:
15.49592 2.71336 -3.83332
0.58643 0.78540 0.19812
0.02056 0.98063
COLOR: 0.58800 0.58800 0.58800 1.00000
WEIGHTS: None

VERT:
13.53205 3.39249 -3.25831
0.40035 0.89876 0.17875
0.01981 0.97914
COLOR: 0.58800 0.58800 0.58800 1.00000
WEIGHTS: None

VERT:
-10.12764 4.67593 -5.06626
0.00000 0.89446 -0.44714
0.03590 0.97950
COLOR: 0.58800 0.58800 0.58800 1.00000
WEIGHTS: None

VERT:
-11.73794 4.67593 -5.06626
-0.12400 0.90217 -0.41318
0.03716 0.97951
COLOR: 0.58800 0.58800 0.58800 1.00000
WEIGHTS: None

VERT:
-10.80808 5.67114 -3.92864
-0.07668 0.74396 -0.66381
0.03644 0.97832
COLOR: 0.58800 0.58800 0.58800 1.00000
WEIGHTS: None

VERT:
-13.74639 4.22090 -4.87729
-0.32305 0.84217 -0.43172
0.03877 0.97962
COLOR: 0.58800 0.58800 0.58800 1.00000
WEIGHTS: None

VERT:
-12.05170 5.74568 -3.54595
-0.33430 0.80451 -0.49092
0.03742 0.97806
COLOR: 0.58800 0.58800 0.58800 1.00000
WEIGHTS: None

VERT:
-10.97950 6.64025 -2.82046
-0.23980 0.79326 -0.55967
0.03658 0.97717
COLOR: 0.58800 0.58800 0.58800 1.00000
WEIGHTS: None

VERT:
-9.87821 6.81544 -2.91770
-0.07566 0.77315 -0.62969
0.03570 0.97713
COLOR: 0.58800 0.58800 0.58800 1.00000
WEIGHTS: None

VERT:
-8.59180 6.79680 -2.91770
0.04094 0.76892 -0.63803
0.03470 0.97714
COLOR: 0.58800 0.58800 0.58800 1.00000
WEIGHTS: None

VERT:
-9.37559 5.67114 -3.92864
0.00122 0.71011 -0.70409
0.03531 0.97832
COLOR: 0.58800 0.58800 0.58800 1.00000
WEIGHTS: None

VERT:
-12.46624 5.96932 -2.39788
-0.23504 0.82310 -0.51697
0.02409 0.96905
COLOR: 0.58800 0.58800 0.58800 1.00000
WEIGHTS: None

VERT:
-13.25533 7.42333 -0.86712
-0.31300 0.91876 -0.24066
0.02562 0.96924
COLOR: 0.58800 0.58800 0.58800 1.00000
WEIGHTS: None

VERT:
-10.98461 7.44907 -0.55556
-0.21911 0.97307 -0.07165
0.02596 0.96759
COLOR: 0.58800 0.58800 0.58800 1.00000
WEIGHTS: None

VERT:
-10.98461 7.18816 -1.89630
-0.38217 0.86884 -0.31475
0.02479 0.96759
COLOR: 0.58800 0.58800 0.58800 1.00000
WEIGHTS: None

VERT:
-10.97950 6.64025 -2.82046
-0.23980 0.79326 -0.55967
0.02388 0.96769
COLOR: 0.58800 0.58800 0.58800 1.00000
WEIGHTS: None

VERT:
-12.05170 5.74568 -3.54595
-0.33430 0.80451 -0.49092
0.02310 0.96880
COLOR: 0.58800 0.58800 0.58800 1.00000
WEIGHTS: None

VERT:
-13.25533 7.27424 0.66364
-0.42646 0.82939 0.36089
0.02661 0.96938
COLOR: 0.58800 0.58800 0.58800 1.00000
WEIGHTS: None

VERT:
-12.42957 5.74568 2.31324
-0.40193 0.85218 0.33504
0.02825 0.96936
COLOR: 0.58800 0.58800 0.58800 1.00000
WEIGHTS: None

VERT:
-10.97273 6.79680 2.26264
-0.33056 0.90802 0.25736
0.02831 0.96798
COLOR: 0.58800 0.58800 0.58800 1.00000
WEIGHTS: None

VERT:
-10.98461 7.18816 0.78518
-0.13952 0.96583 0.21841
0.02707 0.96777
COLOR: 0.58800 0.58800 0.58800 1.00000
WEIGHTS: None

VERT:
-12.31958 5.67114 4.20052
-0.53906 0.82370 0.17590
0.02971 0.96961
COLOR: 0.58800 0.58800 0.58800 1.00000
WEIGHTS: None

VERT:
-11.98901 5.67114 6.01794
-0.59305 0.78134 0.19441
0.03124 0.96956
COLOR: 0.58800 0.58800 0.58800 1.00000
WEIGHTS: None

VERT:
-11.03629 6.40833 5.43515
-0.47492 0.86824 0.14355
0.03089 0.96853
COLOR: 0.58800 0.58800 0.58800 1.00000
WEIGHTS: None

VERT:
-10.93709 6.66635 4.01354
-0.43137 0.89719 0.09472
0.02975 0.96819
COLOR: 0.58800 0.58800 0.58800 1.00000
WEIGHTS: None

VERT:
-11.29060 5.67114 7.45795
-0.44131 0.79331 0.41942
0.01429 0.98588
COLOR: 0.58800 0.58800 0.58800 1.00000
WEIGHTS: None

VERT:
-9.97841 5.67114 8.27087
-0.15304 0.78492 0.60040
0.01537 0.98637
COLOR: 0.58800 0.58800 0.58800 1.00000
WEIGHTS: None

VERT:
-9.05691 6.66635 6.81426
-0.07235 0.92651 0.36924
0.01603 0.98498
COLOR: 0.58800 0.58800 0.58800 1.00000
WEIGHTS: None

VERT:
-10.25050 6.66635 6.18705
-0.28428 0.92533 0.25091
0.01504 0.98460
COLOR: 0.58800 0.58800 0.58800 1.00000
WEIGHTS: None

VERT:
-11.03629 6.40833 5.43515
-0.47492 0.86824 0.14355
0.01426 0.98420
COLOR: 0.58800 0.58800 0.58800 1.00000
WEIGHTS: None

VERT:
-11.98901 5.67114 6.01794
-0.59305 0.78134 0.19441
0.01350 0.98493
COLOR: 0.58800 0.58800 0.58800 1.00000
WEIGHTS: None

VERT:
-7.80648 5.67114 8.20701
0.01706 0.75514 0.65534
0.01703 0.98629
COLOR: 0.58800 0.58800 0.58800 1.00000
WEIGHTS: None

VERT:
-5.47245 5.82106 7.94323
-0.12730 0.74435 0.65555
0.01885 0.98605
COLOR: 0.58800 0.58800 0.58800 1.00000
WEIGHTS: None

VERT:
-5.18850 6.92871 6.50408
-0.26536 0.89600 0.35604
0.01907 0.98463
COLOR: 0.58800 0.58800 0.58800 1.00000
WEIGHTS: None

VERT:
-7.18358 6.66635 6.76499
-0.03105 0.92765 0.37215
0.01750 0.98492
COLOR: 0.58800 0.58800 0.58800 1.00000
WEIGHTS: None

VERT:
-3.67393 6.27083 8.15639
-0.26609 0.69689 0.66599
0.02032 0.98598
COLOR: 0.58800 0.58800 0.58800 1.00000
WEIGHTS: None

VERT:
-2.14317 6.57067 8.49512
-0.07793 0.73008 0.67890
0.02159 0.98605
COLOR: 0.58800 0.58800 0.58800 1.00000
WEIGHTS: None

VERT:
-2.24899 8.24053 6.58407
-0.02991 0.89506 0.44494
0.02154 0.98404
COLOR: 0.58800 0.58800 0.58800 1.00000
WEIGHTS: None

VERT:
-3.62965 7.71580 6.49638
-0.38066 0.83553 0.39621
0.02039 0.98424
COLOR: 0.58800 0.58800 0.58800 1.00000
WEIGHTS: None

VERT:
-0.61241 6.27083 8.60803
0.18438 0.77870 0.59970
0.02280 0.98631
COLOR: 0.58800 0.58800 0.58800 1.00000
WEIGHTS: None

VERT:
0.91835 5.82106 8.49512
0.21477 0.82665 0.52012
0.02407 0.98649
COLOR: 0.58800 0.58800 0.58800 1.00000
WEIGHTS: None

VERT:
0.61878 6.92871 6.62446
0.31967 0.86976 0.37594
0.02393 0.98475
COLOR: 0.58800 0.58800 0.58800 1.00000
WEIGHTS: None

VERT:
-0.78849 7.71580 6.60929
0.34902 0.83764 0.42017
0.02273 0.98435
COLOR: 0.58800 0.58800 0.58800 1.00000
WEIGHTS: None

VERT:
2.44911 5.67114 8.15639
0.15673 0.83263 0.53118
0.02532 0.98638
COLOR: 0.58800 0.58800 0.58800 1.00000
WEIGHTS: None

VERT:
4.13062 5.67114 7.80075
0.09599 0.80380 0.58711
0.02667 0.98619
COLOR: 0.58800 0.58800 0.58800 1.00000
WEIGHTS: None

VERT:
3.19477 6.66635 6.44054
0.06008 0.92873 0.36586
0.02598 0.98483
COLOR: 0.58800 0.58800 0.58800 1.00000
WEIGHTS: None

VERT:
1.83977 6.66635 6.68197
0.13445 0.91547 0.37925
0.02490 0.98495
COLOR: 0.58800 0.58800 0.58800 1.00000
WEIGHTS: None

VERT:
6.11365 5.67114 7.63711
0.15460 0.81163 0.56334
0.02823 0.98614
COLOR: 0.58800 0.58800 0.58800 1.00000
WEIGHTS: None

VERT:
7.66361 5.67114 6.91450
0.34267 0.88480 0.31575
0.02951 0.98573
COLOR: 0.58800 0.58800 0.58800 1.00000
WEIGHTS: None

VERT:
6.14873 6.40833 6.00151
0.28330 0.92969 0.23541
0.02837 0.98474
COLOR: 0.58800 0.58800 0.58800 1.00000
WEIGHTS: None

VERT:
4.79120 6.66635 6.32528
0.11554 0.93072 0.34701
0.02725 0.98481
COLOR: 0.58800 0.58800 0.58800 1.00000
WEIGHTS: None

VERT:
8.04590 5.67114 4.88194
0.39306 0.90107 0.18325
0.01159 0.97375
COLOR: 0.58800 0.58800 0.58800 1.00000
WEIGHTS: None

VERT:
7.89444 6.65810 2.48360
0.28058 0.95983 0.00201
0.01349 0.97336
COLOR: 0.58800 0.58800 0.58800 1.00000
WEIGHTS: None

VERT:
5.90819 6.66635 2.38098
0.15500 0.98656 0.05175
0.01361 0.97188
COLOR: 0.58800 0.58800 0.58800 1.00000
WEIGHTS: None

VERT:
5.99331 6.66635 4.48690
0.30840 0.95001 0.04878
0.01195 0.97197
COLOR: 0.58800 0.58800 0.58800 1.00000
WEIGHTS: None

VERT:
6.14873 6.40833 6.00151
0.28330 0.92969 0.23541
0.01074 0.97214
COLOR: 0.58800 0.58800 0.58800 1.00000
WEIGHTS: None

VERT:
7.66361 5.67114 6.91450
0.34267 0.88480 0.31575
0.01000 0.97346
COLOR: 0.58800 0.58800 0.58800 1.00000
WEIGHTS: None

VERT:
7.84317 5.67114 0.66364
0.45318 0.87751 -0.15686
0.01501 0.97365
COLOR: 0.58800 0.58800 0.58800 1.00000
WEIGHTS: None

VERT:
7.84228 5.94520 -0.86712
0.44313 0.89633 0.01530
0.01620 0.97354
COLOR: 0.58800 0.58800 0.58800 1.00000
WEIGHTS: None

VERT:
6.05837 6.66635 -0.55556
0.36398 0.93050 0.04102
0.01592 0.97204
COLOR: 0.58800 0.58800 0.58800 1.00000
WEIGHTS: None

VERT:
5.96384 6.66635 0.78518
0.29180 0.95550 -0.04338
0.01486 0.97199
COLOR: 0.58800 0.58800 0.58800 1.00000
WEIGHTS: None

VERT:
7.84198 5.67114 -2.39788
0.44135 0.88289 -0.16034
0.01741 0.97362
COLOR: 0.58800 0.58800 0.58800 1.00000
WEIGHTS: None

VERT:
7.37554 5.67114 -3.54595
0.31217 0.86241 -0.39849
0.01832 0.97327
COLOR: 0.58800 0.58800 0.58800 1.00000
WEIGHTS: None

VERT:
6.27349 6.40833 -2.82046
0.36541 0.88949 -0.27438
0.01772 0.97225
COLOR: 0.58800 0.58800 0.58800 1.00000
WEIGHTS: None

VERT:
6.08988 6.66635 -1.89630
0.37496 0.92147 -0.10150
0.01698 0.97204
COLOR: 0.58800 0.58800 0.58800 1.00000
WEIGHTS: None

VERT:
5.97623 5.67114 -3.92864
-0.06148 0.62529 -0.77796
0.03788 0.96426
COLOR: 0.58800 0.58800 0.58800 1.00000
WEIGHTS: None

VERT:
4.57693 5.67114 -3.54595
-0.58109 0.53657 -0.61191
0.03898 0.96397
COLOR: 0.58800 0.58800 0.58800 1.00000
WEIGHTS: None

VERT:
4.83969 6.40833 -2.82046
-0.57325 0.69493 -0.43411
0.03872 0.96317
COLOR: 0.58800 0.58800 0.58800 1.00000
WEIGHTS: None

VERT:
5.40972 6.66635 -2.91770
-0.09733 0.85870 -0.50315
0.03822 0.96312
COLOR: 0.58800 0.58800 0.58800 1.00000
WEIGHTS: None

VERT:
6.27349 6.40833 -2.82046
0.36541 0.88949 -0.27438
0.03752 0.96326
COLOR: 0.58800 0.58800 0.58800 1.00000
WEIGHTS: None

VERT:
7.37554 5.67114 -3.54595
0.31217 0.86241 -0.39849
0.03675 0.96418
COLOR: 0.58800 0.58800 0.58800 1.00000
WEIGHTS: None

VERT:
4.11049 5.67114 -2.39788
-0.88514 0.42540 -0.18856
0.03359 0.98197
COLOR: 0.58800 0.58800 0.58800 1.00000
WEIGHTS: None

VERT:
4.09416 5.67114 -0.86712
-0.94339 0.32652 -0.05834
0.03474 0.98168
COLOR: 0.58800 0.58800 0.58800 1.00000
WEIGHTS: None

VERT:
4.56756 6.66635 -0.55556
-0.69578 0.70078 -0.15747
0.03477 0.98078
COLOR: 0.58800 0.58800 0.58800 1.00000
WEIGHTS: None

VERT:
4.72956 6.66635 -1.89630
-0.65499 0.73184 -0.18812
0.03372 0.98098
COLOR: 0.58800 0.58800 0.58800 1.00000
WEIGHTS: None

VERT:
4.83969 6.40833 -2.82046
-0.57325 0.69493 -0.43411
0.03302 0.98130
COLOR: 0.58800 0.58800 0.58800 1.00000
WEIGHTS: None

VERT:
4.57693 5.67114 -3.54595
-0.58109 0.53657 -0.61191
0.03262 0.98205
COLOR: 0.58800 0.58800 0.58800 1.00000
WEIGHTS: None

VERT:
4.04518 5.67114 0.66364
-0.94835 0.08836 -0.30468
0.03593 0.98141
COLOR: 0.58800 0.58800 0.58800 1.00000
WEIGHTS: None

VERT:
3.23081 5.82106 1.82610
-0.59481 0.01968 -0.80363
0.03708 0.98114
COLOR: 0.58800 0.58800 0.58800 1.00000
WEIGHTS: None

VERT:
2.73014 6.96725 2.43677
-0.06398 0.88588 -0.45949
0.03755 0.98012
COLOR: 0.58800 0.58800 0.58800 1.00000
WEIGHTS: None

VERT:
4.08157 6.66635 0.78518
-0.71074 0.56136 -0.42394
0.03589 0.98061
COLOR: 0.58800 0.58800 0.58800 1.00000
WEIGHTS: None

VERT:
0.91835 6.27083 2.25197
0.00279 0.14449 -0.98950
0.03900 0.98073
COLOR: 0.58800 0.58800 0.58800 1.00000
WEIGHTS: None

VERT:
-1.37779 6.57067 1.89807
0.51587 0.22038 -0.82784
0.04086 0.98056
COLOR: 0.58800 0.58800 0.58800 1.00000
WEIGHTS: None

VERT:
-2.10729 8.48889 2.34156
0.15608 0.89065 -0.42706
0.04144 0.97902
COLOR: 0.58800 0.58800 0.58800 1.00000
WEIGHTS: None

VERT:
0.23290 7.71580 2.74513
0.33271 0.79475 -0.50761
0.03954 0.97950
COLOR: 0.58800 0.58800 0.58800 1.00000
WEIGHTS: None

VERT:
-2.14317 6.27083 0.72121
0.90404 0.24619 -0.34942
0.03830 0.97152
COLOR: 0.58800 0.58800 0.58800 1.00000
WEIGHTS: None

VERT:
-2.14317 5.82106 -0.85273
0.94981 0.30775 -0.05611
0.03789 0.97275
COLOR: 0.58800 0.58800 0.58800 1.00000
WEIGHTS: None

VERT:
-2.64000 6.89123 -0.54446
0.63019 0.73693 -0.24453
0.03882 0.97258
COLOR: 0.58800 0.58800 0.58800 1.00000
WEIGHTS: None

VERT:
-2.60826 7.56588 0.82960
0.47454 0.72540 -0.49861
0.03940 0.97154
COLOR: 0.58800 0.58800 0.58800 1.00000
WEIGHTS: None

VERT:
-2.10729 8.48889 2.34156
0.15608 0.89065 -0.42706
0.04009 0.97028
COLOR: 0.58800 0.58800 0.58800 1.00000
WEIGHTS: None

VERT:
-1.37779 6.57067 1.89807
0.51587 0.22038 -0.82784
0.03845 0.97039
COLOR: 0.58800 0.58800 0.58800 1.00000
WEIGHTS: None

VERT:
-2.14317 5.67114 -2.39788
0.86249 0.44288 -0.24488
0.03771 0.97393
COLOR: 0.58800 0.58800 0.58800 1.00000
WEIGHTS: None

VERT:
-2.83015 5.67114 -3.54595
0.48562 0.59794 -0.63768
0.03789 0.97494
COLOR: 0.58800 0.58800 0.58800 1.00000
WEIGHTS: None

VERT:
-3.26439 6.40833 -2.82046
0.34763 0.79552 -0.49629
0.03863 0.97448
COLOR: 0.58800 0.58800 0.58800 1.00000
WEIGHTS: None

VERT:
-2.73522 6.66635 -1.89630
0.55600 0.78484 -0.27367
0.03862 0.97363
COLOR: 0.58800 0.58800 0.58800 1.00000
WEIGHTS: None

VERT:
-4.89109 5.67114 -3.92864
0.06966 0.61327 -0.78679
0.03181 0.97831
COLOR: 0.58800 0.58800 0.58800 1.00000
WEIGHTS: None

VERT:
-7.14089 5.67114 -3.92864
0.02176 0.65585 -0.75457
0.03356 0.97832
COLOR: 0.58800 0.58800 0.58800 1.00000
WEIGHTS: None

VERT:
-6.47580 6.68498 -2.91770
0.02731 0.84556 -0.53318
0.03304 0.97720
COLOR: 0.58800 0.58800 0.58800 1.00000
WEIGHTS: None

VERT:
-4.56876 6.66635 -2.91770
0.08642 0.85396 -0.51311
0.03156 0.97721
COLOR: 0.58800 0.58800 0.58800 1.00000
WEIGHTS: None

VERT:
-3.26439 6.40833 -2.82046
0.34763 0.79552 -0.49629
0.03052 0.97730
COLOR: 0.58800 0.58800 0.58800 1.00000
WEIGHTS: None

VERT:
-2.83015 5.67114 -3.54595
0.48562 0.59794 -0.63768
0.03019 0.97812
COLOR: 0.58800 0.58800 0.58800 1.00000
WEIGHTS: None

VERT:
-9.02472 4.67593 -5.06626
0.11654 0.86751 -0.48358
0.03504 0.97950
COLOR: 0.58800 0.58800 0.58800 1.00000
WEIGHTS: None

VERT:
-8.39446 5.67114 -3.92864
0.02661 0.68783 -0.72538
0.03454 0.97832
COLOR: 0.58800 0.58800 0.58800 1.00000
WEIGHTS: None

VERT:
-7.63724 6.74089 -2.91770
0.04887 0.80583 -0.59012
0.03395 0.97717
COLOR: 0.58800 0.58800 0.58800 1.00000
WEIGHTS: None

INDEX_COUNT: 1812
0 1 2 1 3 4 5 6 2 6 7 8 9 10 11 10 12 13 14 15 11 15 16 17 18 19 20 19 0 8 7 21 20 21 22 23 24 25 26 25 27 28 29 30 26 30 31 32 31 30 33 30 29 34 35 36 33 36 37 38 39 40 41 40 18 23 22 42 41 42 43 44 45 46 47 46 24 32 31 48 47 48 49 50 49 48 51 48 31 38 37 52 51 52 53 54 55 56 57 56 39 44 43 58 57 58 59 60 61 62 63 62 64 65 66 67 63 66 65 68 65 64 69 45 70 68 70 71 72 71 70 73 70 45 50 49 74 73 74 75 76 75 74 77 74 49 54 53 78 77 78 79 80 81 82 83 82 84 85 86 87 83 87 88 89 88 87 90 87 86 91 92 93 90 93 94 95 94 93 96 93 92 97 98 99 96 99 100 101 100 99 102 99 98 103 104 105 102 105 106 107 108 109 110 109 111 112 113 114 110 114 115 116 115 114 117 114 113 118 64 119 117 119 120 121 120 119 122 119 64 62 61 123 122 123 124 125 126 127 128 127 84 82 81 129 128 129 130 131 14 132 133 132 134 135 136 137 133 137 16 15 35 138 139 138 140 141 142 143 139 143 37 36 37 143 144 143 142 145 146 147 144 147 53 52 53 147 148 147 146 149 150 151 148 151 79 78 152 153 154 153 155 156 157 158 154 158 159 160 161 162 163 162 164 165 166 167 163 167 168 169 170 171 172 171 173 174 175 176 172 176 177 178 173 179 180 179 181 182 183 184 180 184 175 174 185 186 187 186 188 189 190 191 187 191 192 193 188 194 195 194 196 197 190 189 195 196 198 199 198 200 201 202 203 199 203 190 197 200 204 205 204 206 207 208 209 205 209 202 201 210 211 212 211 213 214 215 216 212 216 217 218 213 219 220 219 221 222 223 224 220 224 215 214 225 226 227 226 228 229 230 231 227 231 232 233 234 235 236 235 237 238 12 239 236 239 240 241 237 242 243 242 244 245 14 13 243 13 12 238 244 246 247 246 248 249 134 132 247 132 14 245 248 250 251 250 252 253 254 255 251 255 134 249 256 257 258 257 259 260 261 262 258 262 263 264 259 265 266 265 267 268 269 270 266 270 261 260 267 271 272 271 273 274 275 276 272 276 269 268 277 278 279 278 280 281 104 282 279 282 283 284 280 285 286 285 287 288 106 105 286 105 104 281 287 289 290 289 291 292 100 107 290 107 106 288 291 293 294 293 295 296 94 101 294 101 100 292 295 297 298 297 299 300 88 95 298 95 94 296 299 301 302 301 303 304 81 89 302 89 88 300 303 305 306 305 307 308 130 129 306 129 81 304 307 309 310 309 311 312 126 131 310 131 130 308 313 314 315 314 316 317 318 319 315 319 320 321 316 322 323 322 324 325 326 327 323 327 318 317 324 328 329 328 330 331 332 333 329 333 326 325 330 334 335 334 152 160 159 336 335 336 332 331 337 338 339 338 340 341 342 343 339 343 344 345 263 262 346 262 261 347 348 349 346 349 350 351 261 270 352 270 269 353 354 355 352 355 348 347 269 276 356 276 275 357 358 359 356 359 354 353 283 282 360 282 104 361 362 363 360 363 364 365 104 103 366 103 98 367 368 369 366 369 362 361 98 97 370 97 92 371 372 373 370 373 368 367 92 91 374 91 86 375 376 377 374 377 372 371 86 85 378 85 84 379 380 381 378 381 376 375 84 127 382 127 126 383 384 385 382 385 380 379 59 58 386 58 43 387 388 389 386 389 390 391 43 42 392 42 22 393 394 395 392 395 388 387 22 21 396 21 7 397 398 399 396 399 394 393 175 184 400 184 183 401 402 403 400 403 404 405 192 191 406 191 190 407 408 409 406 409 410 411 190 203 412 203 202 413 414 415 412 415 408 407 202 209 416 209 208 417 418 419 416 419 414 413 217 216 420 216 215 421 422 423 420 423 424 425 215 224 426 224 223 427 428 429 426 429 422 421 232 231 430 231 230 431 432 433 430 433 434 435 230 436 437 436 337 345 344 438 437 438 432 431 2 8 0 4 2 1 2 4 5 8 2 6 11 17 9 13 11 10 11 13 14 17 11 15 20 23 18 8 20 19 20 8 7 23 20 21 26 32 24 28 26 25 26 28 29 32 26 30 33 38 31 34 33 30 33 34 35 38 33 36 41 44 39 23 41 40 41 23 22 44 41 42 47 50 45 32 47 46 47 32 31 50 47 48 51 54 49 38 51 48 51 38 37 54 51 52 57 60 55 44 57 56 57 44 43 60 57 58 63 67 61 65 63 62 63 65 66 68 72 66 69 68 65 68 69 45 72 68 70 73 76 71 50 73 70 73 50 49 76 73 74 77 80 75 54 77 74 77 54 53 80 77 78 83 89 81 85 83 82 83 85 86 89 83 87 90 95 88 91 90 87 90 91 92 95 90 93 96 101 94 97 96 93 96 97 98 101 96 99 102 107 100 103 102 99 102 103 104 107 102 105 110 116 108 112 110 109 110 112 113 116 110 114 117 121 115 118 117 114 117 118 64 121 117 119 122 125 120 62 122 119 122 62 61 125 122 123 128 131 126 82 128 127 128 82 81 131 128 129 133 15 14 135 133 132 133 135 136 15 133 137 139 36 35 141 139 138 139 141 142 36 139 143 144 52 37 145 144 143 144 145 146 52 144 147 148 78 53 149 148 147 148 149 150 78 148 151 154 160 152 156 154 153 154 156 157 160 154 158 163 169 161 165 163 162 163 165 166 169 163 167 172 178 170 174 172 171 172 174 175 178 172 176 180 174 173 182 180 179 180 182 183 174 180 184 187 193 185 189 187 186 187 189 190 193 187 191 195 189 188 197 195 194 195 197 190 199 197 196 201 199 198 199 201 202 197 199 203 205 201 200 207 205 204 205 207 208 201 205 209 212 218 210 214 212 211 212 214 215 218 212 216 220 214 213 222 220 219 220 222 223 214 220 224 227 233 225 229 227 226 227 229 230 233 227 231 236 241 234 238 236 235 236 238 12 241 236 239 243 238 237 245 243 242 243 245 14 238 243 13 247 245 244 249 247 246 247 249 134 245 247 132 251 249 248 253 251 250 251 253 254 249 251 255 258 264 256 260 258 257 258 260 261 264 258 262 266 260 259 268 266 265 266 268 269 260 266 270 272 268 267 274 272 271 272 274 275 268 272 276 279 284 277 281 279 278 279 281 104 284 279 282 286 281 280 288 286 285 286 288 106 281 286 105 290 288 287 292 290 289 290 292 100 288 290 107 294 292 291 296 294 293 294 296 94 292 294 101 298 296 295 300 298 297 298 300 88 296 298 95 302 300 299 304 302 301 302 304 81 300 302 89 306 304 303 308 306 305 306 308 130 304 306 129 310 308 307 312 310 309 310 312 126 308 310 131 315 321 313 317 315 314 315 317 318 321 315 319 323 317 316 325 323 322 323 325 326 317 323 327 329 325 324 331 329 328 329 331 332 325 329 333 335 331 330 160 335 334 335 160 159 331 335 336 339 345 337 341 339 338 339 341 342 345 339 343 346 351 263 347 346 262 346 347 348 351 346 349 352 347 261 353 352 270 352 353 354 347 352 355 356 353 269 357 356 276 356 357 358 353 356 359 360 365 283 361 360 282 360 361 362 365 360 363 366 361 104 367 366 103 366 367 368 361 366 369 370 367 98 371 370 97 370 371 372 367 370 373 374 371 92 375 374 91 374 375 376 371 374 377 378 375 86 379 378 85 378 379 380 375 378 381 382 379 84 383 382 127 382 383 384 379 382 385 386 391 59 387 386 58 386 387 388 391 386 389 392 387 43 393 392 42 392 393 394 387 392 395 396 393 22 397 396 21 396 397 398 393 396 399 400 405 175 401 400 184 400 401 402 405 400 403 406 411 192 407 406 191 406 407 408 411 406 409 412 407 190 413 412 203 412 413 414 407 412 415 416 413 202 417 416 209 416 417 418 413 416 419 420 425 217 421 420 216 420 421 422 425 420 423 426 421 215 427 426 224 426 427 428 421 426 429 430 435 232 431 430 231 430 431 432 435 430 433 437 431 230 345 437 436 437 345 344 431 437 438 