TEXTURE_DIFFUSE: diff.png
MATERIAL_COLOR 0: 0.588000 0.588000 0.588000 1.000000
MESH_NAME: Hill_desert_002
VERTEX_COUNT: 64
VERT:
11.02242 8.09565 -5.67735
0.48916 0.64111 -0.59136
0.01396 0.98040
COLOR: 0.58800 0.58800 0.58800 1.00000
WEIGHTS: None

VERT:
8.92043 3.73102 -9.47007
0.24675 0.56170 -0.78969
0.01345 0.98478
COLOR: 0.58800 0.58800 0.58800 1.00000
WEIGHTS: None

VERT:
5.12771 8.09565 -5.67735
0.01346 0.76523 -0.64362
0.01783 0.98205
COLOR: 0.58800 0.58800 0.58800 1.00000
WEIGHTS: None

VERT:
5.12771 3.73102 -9.47007
0.17684 0.64199 -0.74604
0.01638 0.98602
COLOR: 0.58800 0.58800 0.58800 1.00000
WEIGHTS: None

VERT:
1.33499 8.09565 -5.67735
0.01675 0.79589 -0.60521
0.02042 0.98278
COLOR: 0.58800 0.58800 0.58800 1.00000
WEIGHTS: None

VERT:
1.33499 3.73102 -11.57853
0.17047 0.68301 -0.71024
0.01936 0.98799
COLOR: 0.58800 0.58800 0.58800 1.00000
WEIGHTS: None

VERT:
-2.45773 8.09565 -5.67735
-0.02307 0.85176 -0.52342
0.02313 0.98325
COLOR: 0.58800 0.58800 0.58800 1.00000
WEIGHTS: None

VERT:
-2.45773 3.73102 -11.57853
0.00000 0.68905 -0.72471
0.02251 0.98855
COLOR: 0.58800 0.58800 0.58800 1.00000
WEIGHTS: None

VERT:
-6.25045 8.09565 -5.67735
0.01913 0.87080 -0.49126
0.02589 0.98348
COLOR: 0.58800 0.58800 0.58800 1.00000
WEIGHTS: None

VERT:
-6.25045 3.73102 -11.57853
0.04975 0.69841 -0.71397
0.02571 0.98880
COLOR: 0.58800 0.58800 0.58800 1.00000
WEIGHTS: None

VERT:
-11.29036 8.09565 -5.67735
-0.07685 0.84092 -0.53567
0.02962 0.98340
COLOR: 0.58800 0.58800 0.58800 1.00000
WEIGHTS: None

VERT:
11.63747 10.25079 -1.88463
0.62014 0.78178 -0.06516
0.01478 0.97767
COLOR: 0.58800 0.58800 0.58800 1.00000
WEIGHTS: None

VERT:
5.12771 10.25079 -1.88463
0.04262 0.83615 -0.54684
0.01858 0.97889
COLOR: 0.58800 0.58800 0.58800 1.00000
WEIGHTS: None

VERT:
1.33499 10.25079 -2.68511
-0.00936 0.82699 -0.56214
0.02093 0.98026
COLOR: 0.58800 0.58800 0.58800 1.00000
WEIGHTS: None

VERT:
-2.45773 10.25079 -1.88463
-0.18432 0.81289 -0.55249
0.02347 0.98015
COLOR: 0.58800 0.58800 0.58800 1.00000
WEIGHTS: None

VERT:
-6.41503 10.25079 0.14395
-0.01430 0.84767 -0.53033
0.02622 0.97914
COLOR: 0.58800 0.58800 0.58800 1.00000
WEIGHTS: None

VERT:
-11.29036 10.25079 -1.88463
-0.06764 0.86224 -0.50196
0.02963 0.98051
COLOR: 0.58800 0.58800 0.58800 1.00000
WEIGHTS: None

VERT:
13.15266 3.73102 1.90809
0.58183 0.59340 0.55619
0.01129 0.97380
COLOR: 0.58800 0.58800 0.58800 1.00000
WEIGHTS: None

VERT:
5.12771 13.21990 1.90809
0.24159 0.95696 0.16080
0.01970 0.97640
COLOR: 0.58800 0.58800 0.58800 1.00000
WEIGHTS: None

VERT:
1.33499 13.21990 1.90809
0.01642 0.99070 0.13506
0.02178 0.97641
COLOR: 0.58800 0.58800 0.58800 1.00000
WEIGHTS: None

VERT:
-2.45773 13.21990 1.90809
-0.07725 0.99563 0.05255
0.02393 0.97660
COLOR: 0.58800 0.58800 0.58800 1.00000
WEIGHTS: None

VERT:
-6.41503 13.21990 3.93667
0.10495 0.91330 0.39353
0.02650 0.97587
COLOR: 0.58800 0.58800 0.58800 1.00000
WEIGHTS: None

VERT:
-11.29036 13.21990 1.90809
-0.22383 0.97454 0.01278
0.02928 0.97747
COLOR: 0.58800 0.58800 0.58800 1.00000
WEIGHTS: None

VERT:
11.02242 3.73101 5.70081
0.60147 0.70160 0.38210
0.01329 0.97098
COLOR: 0.58800 0.58800 0.58800 1.00000
WEIGHTS: None

VERT:
5.12771 8.72156 5.70081
0.28690 0.64784 0.70568
0.01884 0.97244
COLOR: 0.58800 0.58800 0.58800 1.00000
WEIGHTS: None

VERT:
1.33499 8.72156 5.70081
0.03552 0.65727 0.75282
0.02163 0.97215
COLOR: 0.58800 0.58800 0.58800 1.00000
WEIGHTS: None

VERT:
-2.45773 8.72156 5.70081
0.00000 0.71361 0.70054
0.02433 0.97229
COLOR: 0.58800 0.58800 0.58800 1.00000
WEIGHTS: None

VERT:
-6.25045 8.72156 5.70081
0.01473 0.60589 0.79541
0.02702 0.97264
COLOR: 0.58800 0.58800 0.58800 1.00000
WEIGHTS: None

VERT:
-11.29036 8.72156 5.70081
-0.22879 0.59809 0.76807
0.03056 0.97363
COLOR: 0.58800 0.58800 0.58800 1.00000
WEIGHTS: None

VERT:
8.92043 3.73101 9.49352
0.30698 0.87153 0.38236
0.01543 0.96838
COLOR: 0.58800 0.58800 0.58800 1.00000
WEIGHTS: None

VERT:
5.12771 3.73101 10.92241
-0.01235 0.63264 0.77435
0.01835 0.96724
COLOR: 0.58800 0.58800 0.58800 1.00000
WEIGHTS: None

VERT:
1.33499 3.73101 9.49352
0.13776 0.58259 0.80100
0.02158 0.96759
COLOR: 0.58800 0.58800 0.58800 1.00000
WEIGHTS: None

VERT:
-2.45773 3.73101 11.84691
0.19413 0.63498 0.74774
0.02501 0.96658
COLOR: 0.58800 0.58800 0.58800 1.00000
WEIGHTS: None

VERT:
-6.25045 3.73101 11.84691
-0.15427 0.66713 0.72879
0.02805 0.96704
COLOR: 0.58800 0.58800 0.58800 1.00000
WEIGHTS: None

VERT:
-11.29036 3.73101 9.49352
-0.20822 0.63442 0.74441
0.03185 0.96926
COLOR: 0.58800 0.58800 0.58800 1.00000
WEIGHTS: None

VERT:
-11.29036 3.73102 -12.48838
-0.05873 0.71363 -0.69805
0.02984 0.98921
COLOR: 0.58800 0.58800 0.58800 1.00000
WEIGHTS: None

VERT:
-17.60737 3.73102 -9.47007
-0.24816 0.70093 -0.66866
0.03473 0.98682
COLOR: 0.58800 0.58800 0.58800 1.00000
WEIGHTS: None

VERT:
-22.38691 6.20428 -5.67735
-0.47157 0.81265 -0.34238
0.03781 0.98287
COLOR: 0.58800 0.58800 0.58800 1.00000
WEIGHTS: None

VERT:
-25.23724 4.15461 -1.88463
-0.64632 0.76304 0.00617
0.04085 0.98040
COLOR: 0.58800 0.58800 0.58800 1.00000
WEIGHTS: None

VERT:
-24.04631 3.73102 1.90809
-0.57227 0.77190 0.27692
0.04061 0.97736
COLOR: 0.58800 0.58800 0.58800 1.00000
WEIGHTS: None

VERT:
-22.38691 3.73101 5.70081
-0.45258 0.80666 0.38009
0.03955 0.97428
COLOR: 0.58800 0.58800 0.58800 1.00000
WEIGHTS: None

VERT:
14.04940 0.00000 -6.90000
0.81015 0.45604 -0.36837
0.00797 0.98236
COLOR: 0.58800 0.58800 0.58800 1.00000
WEIGHTS: None

VERT:
11.50000 0.00000 -11.50000
0.42825 0.64206 -0.63590
0.01032 0.98675
COLOR: 0.58800 0.58800 0.58800 1.00000
WEIGHTS: None

VERT:
6.90000 0.00000 -11.50000
0.17249 0.53271 -0.82853
0.01408 0.98853
COLOR: 0.58800 0.58800 0.58800 1.00000
WEIGHTS: None

VERT:
2.30000 0.00000 -14.05725
0.21233 0.57826 -0.78774
0.01795 0.99101
COLOR: 0.58800 0.58800 0.58800 1.00000
WEIGHTS: None

VERT:
-2.30000 0.00000 -14.05725
0.00000 0.55337 -0.83294
0.02197 0.99179
COLOR: 0.58800 0.58800 0.58800 1.00000
WEIGHTS: None

VERT:
-6.90000 0.00000 -14.05725
0.08460 0.54112 -0.83668
0.02603 0.99212
COLOR: 0.58800 0.58800 0.58800 1.00000
WEIGHTS: None

VERT:
-13.01266 0.00000 -15.16076
-0.14072 0.61862 -0.77299
0.03130 0.99242
COLOR: 0.58800 0.58800 0.58800 1.00000
WEIGHTS: None

VERT:
-20.67425 0.00000 -11.50000
-0.38217 0.59447 -0.70749
0.03762 0.98943
COLOR: 0.58800 0.58800 0.58800 1.00000
WEIGHTS: None

VERT:
-26.47110 0.00000 -6.90000
-0.62446 0.59282 -0.50855
0.04245 0.98558
COLOR: 0.58800 0.58800 0.58800 1.00000
WEIGHTS: None

VERT:
-29.92813 0.00000 -2.30000
-0.64254 0.76083 -0.09102
0.04537 0.98152
COLOR: 0.58800 0.58800 0.58800 1.00000
WEIGHTS: None

VERT:
-28.48371 -0.00000 2.30000
-0.61521 0.75539 0.22562
0.04490 0.97730
COLOR: 0.58800 0.58800 0.58800 1.00000
WEIGHTS: None

VERT:
-26.47110 -0.00000 6.90000
-0.55367 0.73306 0.39507
0.04362 0.97324
COLOR: 0.58800 0.58800 0.58800 1.00000
WEIGHTS: None

VERT:
-17.60737 3.73101 9.49352
-0.11723 0.84740 0.51786
0.03638 0.97089
COLOR: 0.58800 0.58800 0.58800 1.00000
WEIGHTS: None

VERT:
-20.67425 -0.00000 11.50000
-0.31020 0.63531 0.70722
0.03965 0.96882
COLOR: 0.58800 0.58800 0.58800 1.00000
WEIGHTS: None

VERT:
-13.01266 -0.00000 11.50000
-0.14933 0.52091 0.84045
0.03398 0.96661
COLOR: 0.58800 0.58800 0.58800 1.00000
WEIGHTS: None

VERT:
-6.90000 -0.00000 14.35431
-0.18002 0.57007 0.80163
0.02915 0.96393
COLOR: 0.58800 0.58800 0.58800 1.00000
WEIGHTS: None

VERT:
-2.30000 -0.00000 14.35431
0.21405 0.55107 0.80654
0.02522 0.96332
COLOR: 0.58800 0.58800 0.58800 1.00000
WEIGHTS: None

VERT:
2.30000 -0.00000 11.50000
0.03089 0.47960 0.87695
0.02084 0.96443
COLOR: 0.58800 0.58800 0.58800 1.00000
WEIGHTS: None

VERT:
6.90000 -0.00000 13.23303
0.06145 0.54645 0.83523
0.01677 0.96415
COLOR: 0.58800 0.58800 0.58800 1.00000
WEIGHTS: None

VERT:
11.50000 -0.00000 11.50000
0.50833 0.65323 0.56115
0.01293 0.96567
COLOR: 0.58800 0.58800 0.58800 1.00000
WEIGHTS: None

VERT:
14.04940 -0.00000 6.90000
0.66039 0.65424 0.36859
0.01013 0.96909
COLOR: 0.58800 0.58800 0.58800 1.00000
WEIGHTS: None

VERT:
16.63306 -0.00000 2.30000
0.81616 0.55678 0.15452
0.00758 0.97288
COLOR: 0.58800 0.58800 0.58800 1.00000
WEIGHTS: None

VERT:
14.79537 0.00000 -2.30000
0.90654 0.31811 -0.27748
0.00730 0.97750
COLOR: 0.58800 0.58800 0.58800 1.00000
WEIGHTS: None

INDEX_COUNT: 312
0 1 2 2 3 4 4 5 6 6 7 8 8 9 10 11 0 12 12 2 13 13 4 14 14 6 15 15 8 16 17 11 18 18 12 19 19 13 20 20 14 21 21 15 22 23 17 24 24 18 25 25 19 26 26 20 27 27 21 28 29 23 30 30 24 31 31 25 32 32 26 33 33 27 34 35 36 10 10 37 16 16 38 22 22 39 28 28 40 34 41 1 0 42 3 1 43 5 3 44 7 5 45 9 7 46 35 9 47 36 35 48 37 36 49 38 37 50 39 38 51 40 39 52 53 40 54 34 53 55 33 34 56 32 33 57 31 32 58 30 31 59 29 30 60 23 29 61 17 23 62 11 17 63 0 11 1 3 2 3 5 4 5 7 6 7 9 8 9 35 10 0 2 12 2 4 13 4 6 14 6 8 15 8 10 16 11 12 18 12 13 19 13 14 20 14 15 21 15 16 22 17 18 24 18 19 25 19 20 26 20 21 27 21 22 28 23 24 30 24 25 31 25 26 32 26 27 33 27 28 34 36 37 10 37 38 16 38 39 22 39 40 28 40 53 34 41 42 1 42 43 3 43 44 5 44 45 7 45 46 9 46 47 35 47 48 36 48 49 37 49 50 38 50 51 39 51 52 40 52 54 53 54 55 34 55 56 33 56 57 32 57 58 31 58 59 30 59 60 29 60 61 23 61 62 17 62 63 11 63 41 0 