TEXTURE_DIFFUSE: diff.png
MATERIAL_COLOR 0: 0.588000 0.588000 0.588000 1.000000
MESH_NAME: Hill_desert_003
VERTEX_COUNT: 109
VERT:
21.82625 3.40884 -3.09805
0.51341 0.76973 -0.37938
0.01182 0.97972
COLOR: 0.58800 0.58800 0.58800 1.00000
WEIGHTS: None

VERT:
20.25426 2.42092 -5.17207
0.13196 0.52096 -0.84332
0.01234 0.98094
COLOR: 0.58800 0.58800 0.58800 1.00000
WEIGHTS: None

VERT:
16.32320 6.04502 -3.09805
0.16186 0.66829 -0.72608
0.01460 0.97918
COLOR: 0.58800 0.58800 0.58800 1.00000
WEIGHTS: None

VERT:
12.14776 6.04502 -3.09805
-0.09316 0.74921 -0.65574
0.01653 0.97927
COLOR: 0.58800 0.58800 0.58800 1.00000
WEIGHTS: None

VERT:
12.14776 2.42092 -6.32520
-0.08259 0.47868 -0.87410
0.01636 0.98155
COLOR: 0.58800 0.58800 0.58800 1.00000
WEIGHTS: None

VERT:
7.92156 6.04502 -1.93790
0.00822 0.71520 -0.69887
0.01863 0.97895
COLOR: 0.58800 0.58800 0.58800 1.00000
WEIGHTS: None

VERT:
4.04127 6.04502 -3.09805
-0.03382 0.71839 -0.69481
0.02056 0.97946
COLOR: 0.58800 0.58800 0.58800 1.00000
WEIGHTS: None

VERT:
4.04127 2.42092 -6.32520
-0.15569 0.49387 -0.85549
0.02043 0.98178
COLOR: 0.58800 0.58800 0.58800 1.00000
WEIGHTS: None

VERT:
-0.10455 6.04502 -1.65415
-0.01337 0.76369 -0.64545
0.02279 0.97897
COLOR: 0.58800 0.58800 0.58800 1.00000
WEIGHTS: None

VERT:
-4.06523 6.04502 -3.09805
0.19502 0.65539 -0.72968
0.02493 0.97947
COLOR: 0.58800 0.58800 0.58800 1.00000
WEIGHTS: None

VERT:
-4.06523 2.42092 -5.17207
0.33170 0.41088 -0.84921
0.02492 0.98156
COLOR: 0.58800 0.58800 0.58800 1.00000
WEIGHTS: None

VERT:
-8.56499 6.04502 -3.96605
0.02866 0.77987 -0.62529
0.02715 0.97970
COLOR: 0.58800 0.58800 0.58800 1.00000
WEIGHTS: None

VERT:
-12.17173 6.04502 -3.09805
-0.07144 0.81950 -0.56860
0.02888 0.97928
COLOR: 0.58800 0.58800 0.58800 1.00000
WEIGHTS: None

VERT:
-12.17173 2.42092 -6.89568
-0.19616 0.63256 -0.74926
0.02902 0.98180
COLOR: 0.58800 0.58800 0.58800 1.00000
WEIGHTS: None

VERT:
-16.21942 6.04502 -3.09805
-0.17775 0.77171 -0.61062
0.03081 0.97918
COLOR: 0.58800 0.58800 0.58800 1.00000
WEIGHTS: None

VERT:
23.11490 2.53550 -1.02403
0.55490 0.83003 -0.05598
0.01082 0.97892
COLOR: 0.58800 0.58800 0.58800 1.00000
WEIGHTS: None

VERT:
16.32320 7.86418 -1.02403
0.25284 0.91729 -0.30764
0.01469 0.97798
COLOR: 0.58800 0.58800 0.58800 1.00000
WEIGHTS: None

VERT:
12.14776 7.86418 0.26662
-0.02738 0.97501 -0.22047
0.01663 0.97741
COLOR: 0.58800 0.58800 0.58800 1.00000
WEIGHTS: None

VERT:
7.92156 7.86418 0.13612
0.01975 0.95363 -0.30033
0.01871 0.97757
COLOR: 0.58800 0.58800 0.58800 1.00000
WEIGHTS: None

VERT:
4.04127 7.86418 -1.02403
-0.08341 0.89948 -0.42892
0.02060 0.97814
COLOR: 0.58800 0.58800 0.58800 1.00000
WEIGHTS: None

VERT:
-0.10455 7.86418 1.74109
0.00150 0.98390 -0.17872
0.02278 0.97686
COLOR: 0.58800 0.58800 0.58800 1.00000
WEIGHTS: None

VERT:
-4.06523 7.86418 -1.02403
0.13083 0.90255 -0.41024
0.02489 0.97813
COLOR: 0.58800 0.58800 0.58800 1.00000
WEIGHTS: None

VERT:
-8.56499 7.86418 -0.55882
-0.03016 0.96220 -0.27065
0.02706 0.97785
COLOR: 0.58800 0.58800 0.58800 1.00000
WEIGHTS: None

VERT:
-12.17173 7.86418 0.59190
-0.02685 0.97865 -0.20379
0.02881 0.97726
COLOR: 0.58800 0.58800 0.58800 1.00000
WEIGHTS: None

VERT:
-16.21942 7.86418 0.49822
-0.12902 0.96148 -0.24271
0.03073 0.97726
COLOR: 0.58800 0.58800 0.58800 1.00000
WEIGHTS: None

VERT:
23.23716 2.53550 -0.48303
0.53877 0.84184 0.03230
0.01071 0.97868
COLOR: 0.58800 0.58800 0.58800 1.00000
WEIGHTS: None

VERT:
16.32320 7.86418 -0.47452
0.35767 0.90669 0.22355
0.01466 0.97773
COLOR: 0.58800 0.58800 0.58800 1.00000
WEIGHTS: None

VERT:
12.14776 7.86418 2.02202
0.08646 0.84542 0.52706
0.01666 0.97657
COLOR: 0.58800 0.58800 0.58800 1.00000
WEIGHTS: None

VERT:
7.92156 7.86418 1.36016
-0.11447 0.91845 0.37862
0.01872 0.97697
COLOR: 0.58800 0.58800 0.58800 1.00000
WEIGHTS: None

VERT:
4.04127 7.86418 -0.27028
0.01259 0.96740 0.25294
0.02061 0.97778
COLOR: 0.58800 0.58800 0.58800 1.00000
WEIGHTS: None

VERT:
-0.10455 7.86418 2.49389
0.00392 0.83457 0.55088
0.02278 0.97648
COLOR: 0.58800 0.58800 0.58800 1.00000
WEIGHTS: None

VERT:
-4.06523 7.86418 -0.08535
-0.07726 0.94796 0.30888
0.02487 0.97767
COLOR: 0.58800 0.58800 0.58800 1.00000
WEIGHTS: None

VERT:
-8.56499 7.86418 0.18199
0.05997 0.90704 0.41674
0.02706 0.97749
COLOR: 0.58800 0.58800 0.58800 1.00000
WEIGHTS: None

VERT:
-12.17173 7.86418 1.05000
0.05770 0.88434 0.46326
0.02881 0.97704
COLOR: 0.58800 0.58800 0.58800 1.00000
WEIGHTS: None

VERT:
-16.21942 7.86418 1.05000
-0.14021 0.88785 0.43825
0.03074 0.97701
COLOR: 0.58800 0.58800 0.58800 1.00000
WEIGHTS: None

VERT:
21.82625 3.02041 3.12402
0.40419 0.87021 0.28172
0.01189 0.97298
COLOR: 0.58800 0.58800 0.58800 1.00000
WEIGHTS: None

VERT:
23.23716 2.53550 -0.48303
0.53877 0.84184 0.03230
0.01058 0.97431
COLOR: 0.58800 0.58800 0.58800 1.00000
WEIGHTS: None

VERT:
16.32320 5.19904 3.12402
0.25893 0.68076 0.68521
0.01463 0.97381
COLOR: 0.58800 0.58800 0.58800 1.00000
WEIGHTS: None

VERT:
12.14776 5.19904 3.12402
0.14338 0.58094 0.80122
0.01666 0.97385
COLOR: 0.58800 0.58800 0.58800 1.00000
WEIGHTS: None

VERT:
12.14776 7.86418 2.02202
0.08646 0.84542 0.52706
0.01663 0.97524
COLOR: 0.58800 0.58800 0.58800 1.00000
WEIGHTS: None

VERT:
7.92156 5.19904 4.28416
-0.04694 0.76891 0.63763
0.01875 0.97352
COLOR: 0.58800 0.58800 0.58800 1.00000
WEIGHTS: None

VERT:
4.04127 5.19904 3.12402
-0.00910 0.78370 0.62107
0.02063 0.97402
COLOR: 0.58800 0.58800 0.58800 1.00000
WEIGHTS: None

VERT:
4.04127 7.86418 -0.27028
0.01259 0.96740 0.25294
0.02056 0.97609
COLOR: 0.58800 0.58800 0.58800 1.00000
WEIGHTS: None

VERT:
-0.10455 5.19904 4.56791
-0.00350 0.64292 0.76592
0.02272 0.97351
COLOR: 0.58800 0.58800 0.58800 1.00000
WEIGHTS: None

VERT:
-4.06523 5.19904 3.12402
-0.15655 0.70813 0.68851
0.02476 0.97393
COLOR: 0.58800 0.58800 0.58800 1.00000
WEIGHTS: None

VERT:
-4.06523 7.86418 -0.08535
-0.07726 0.94796 0.30888
0.02485 0.97598
COLOR: 0.58800 0.58800 0.58800 1.00000
WEIGHTS: None

VERT:
-8.56499 5.19904 2.25601
0.04884 0.71689 0.69548
0.02700 0.97423
COLOR: 0.58800 0.58800 0.58800 1.00000
WEIGHTS: None

VERT:
-12.17173 5.19904 3.12402
0.08370 0.70869 0.70054
0.02877 0.97393
COLOR: 0.58800 0.58800 0.58800 1.00000
WEIGHTS: None

VERT:
-12.17173 7.86418 1.05000
0.05770 0.88434 0.46326
0.02880 0.97556
COLOR: 0.58800 0.58800 0.58800 1.00000
WEIGHTS: None

VERT:
-16.21942 5.19904 3.12402
-0.05481 0.73552 0.67528
0.03073 0.97389
COLOR: 0.58800 0.58800 0.58800 1.00000
WEIGHTS: None

VERT:
20.25426 2.42092 5.19804
0.09303 0.74098 0.66505
0.01278 0.97209
COLOR: 0.58800 0.58800 0.58800 1.00000
WEIGHTS: None

VERT:
16.32320 2.42092 5.19804
0.19899 0.66021 0.72424
0.01467 0.97211
COLOR: 0.58800 0.58800 0.58800 1.00000
WEIGHTS: None

VERT:
12.14776 2.42092 7.12334
0.21982 0.71036 0.66863
0.01681 0.97153
COLOR: 0.58800 0.58800 0.58800 1.00000
WEIGHTS: None

VERT:
7.92156 2.42092 8.28349
-0.04746 0.63267 0.77296
0.01882 0.97123
COLOR: 0.58800 0.58800 0.58800 1.00000
WEIGHTS: None

VERT:
4.04127 2.42092 7.12334
-0.15941 0.63817 0.75321
0.02069 0.97164
COLOR: 0.58800 0.58800 0.58800 1.00000
WEIGHTS: None

VERT:
-0.10455 2.42092 6.64193
-0.14586 0.52239 0.84014
0.02272 0.97182
COLOR: 0.58800 0.58800 0.58800 1.00000
WEIGHTS: None

VERT:
-4.06523 2.42092 5.19804
-0.10730 0.50735 0.85503
0.02476 0.97220
COLOR: 0.58800 0.58800 0.58800 1.00000
WEIGHTS: None

VERT:
-8.56499 2.42092 5.81353
0.11219 0.57598 0.80973
0.02701 0.97203
COLOR: 0.58800 0.58800 0.58800 1.00000
WEIGHTS: None

VERT:
-12.17173 2.42092 6.68153
0.12435 0.56528 0.81547
0.02878 0.97177
COLOR: 0.58800 0.58800 0.58800 1.00000
WEIGHTS: None

VERT:
-16.21942 2.42092 6.68153
-0.06521 0.63309 0.77132
0.03068 0.97175
COLOR: 0.58800 0.58800 0.58800 1.00000
WEIGHTS: None

VERT:
18.08248 1.45837 -5.17207
0.08521 0.51363 -0.85377
0.01338 0.98135
COLOR: 0.58800 0.58800 0.58800 1.00000
WEIGHTS: None

VERT:
16.32320 7.86418 -0.47452
0.35767 0.90669 0.22355
0.01443 0.97597
COLOR: 0.58800 0.58800 0.58800 1.00000
WEIGHTS: None

VERT:
7.92156 2.42092 -5.16505
0.04434 0.58116 -0.81258
0.01849 0.98138
COLOR: 0.58800 0.58800 0.58800 1.00000
WEIGHTS: None

VERT:
7.92156 7.86418 1.36016
-0.11447 0.91845 0.37862
0.01867 0.97541
COLOR: 0.58800 0.58800 0.58800 1.00000
WEIGHTS: None

VERT:
-0.10455 2.42092 -3.72817
-0.09455 0.43508 -0.89542
0.02277 0.98120
COLOR: 0.58800 0.58800 0.58800 1.00000
WEIGHTS: None

VERT:
-0.10455 7.86418 2.49389
0.00392 0.83457 0.55088
0.02274 0.97515
COLOR: 0.58800 0.58800 0.58800 1.00000
WEIGHTS: None

VERT:
-8.56499 2.42092 -7.76368
0.19229 0.51166 -0.83739
0.02733 0.98214
COLOR: 0.58800 0.58800 0.58800 1.00000
WEIGHTS: None

VERT:
-8.56499 7.86418 0.18199
0.05997 0.90704 0.41674
0.02703 0.97586
COLOR: 0.58800 0.58800 0.58800 1.00000
WEIGHTS: None

VERT:
-16.21942 2.42092 -5.17207
-0.20730 0.53648 -0.81805
0.03101 0.98112
COLOR: 0.58800 0.58800 0.58800 1.00000
WEIGHTS: None

VERT:
-20.27822 2.42092 -5.17207
-0.15511 0.57132 -0.80594
0.03292 0.98087
COLOR: 0.58800 0.58800 0.58800 1.00000
WEIGHTS: None

VERT:
-22.54273 3.19937 -3.09805
-0.27500 0.65949 -0.69960
0.03393 0.97981
COLOR: 0.58800 0.58800 0.58800 1.00000
WEIGHTS: None

VERT:
-23.77453 5.93422 -1.02403
-0.46509 0.79813 -0.38299
0.03410 0.97825
COLOR: 0.58800 0.58800 0.58800 1.00000
WEIGHTS: None

VERT:
-16.21942 7.86418 1.05000
-0.14021 0.88785 0.43825
0.03075 0.97553
COLOR: 0.58800 0.58800 0.58800 1.00000
WEIGHTS: None

VERT:
-23.62993 5.93422 -0.12351
-0.53768 0.77075 0.34183
0.03445 0.97527
COLOR: 0.58800 0.58800 0.58800 1.00000
WEIGHTS: None

VERT:
-20.82923 5.19904 3.12402
-0.28263 0.78106 0.55684
0.03290 0.97390
COLOR: 0.58800 0.58800 0.58800 1.00000
WEIGHTS: None

VERT:
25.85264 -0.00756 -3.68292
0.52872 0.75007 -0.39730
0.00938 0.98065
COLOR: 0.58800 0.58800 0.58800 1.00000
WEIGHTS: None

VERT:
23.99169 -0.00756 -6.13819
0.35302 0.77746 -0.52051
0.01038 0.98177
COLOR: 0.58800 0.58800 0.58800 1.00000
WEIGHTS: None

VERT:
19.33800 -0.00756 -6.13819
0.07986 0.58523 -0.80693
0.01267 0.98220
COLOR: 0.58800 0.58800 0.58800 1.00000
WEIGHTS: None

VERT:
14.39501 -0.00756 -7.50330
0.09569 0.51151 -0.85393
0.01520 0.98277
COLOR: 0.58800 0.58800 0.58800 1.00000
WEIGHTS: None

VERT:
9.39192 -0.00756 -6.34315
-0.05742 0.39956 -0.91491
0.01771 0.98270
COLOR: 0.58800 0.58800 0.58800 1.00000
WEIGHTS: None

VERT:
4.79834 -0.00756 -7.50330
-0.06940 0.42707 -0.90155
0.02003 0.98308
COLOR: 0.58800 0.58800 0.58800 1.00000
WEIGHTS: None

VERT:
-0.10959 -0.00756 -4.69430
-0.09639 0.35482 -0.92995
0.02277 0.98254
COLOR: 0.58800 0.58800 0.58800 1.00000
WEIGHTS: None

VERT:
-4.79834 -0.00756 -6.13819
0.41190 0.21929 -0.88445
0.02521 0.98290
COLOR: 0.58800 0.58800 0.58800 1.00000
WEIGHTS: None

VERT:
-10.12526 -0.00756 -9.04665
0.02346 0.46666 -0.88413
0.02809 0.98342
COLOR: 0.58800 0.58800 0.58800 1.00000
WEIGHTS: None

VERT:
-14.39501 -0.00756 -8.17865
-0.25536 0.62396 -0.73856
0.03020 0.98303
COLOR: 0.58800 0.58800 0.58800 1.00000
WEIGHTS: None

VERT:
-19.18677 -0.00756 -6.13819
-0.08523 0.45648 -0.88564
0.03260 0.98218
COLOR: 0.58800 0.58800 0.58800 1.00000
WEIGHTS: None

VERT:
-23.99169 -0.00756 -6.13819
-0.33889 0.66323 -0.66729
0.03488 0.98176
COLOR: 0.58800 0.58800 0.58800 1.00000
WEIGHTS: None

VERT:
-26.67247 -0.00756 -3.68292
-0.57625 0.61065 -0.54317
0.03624 0.98066
COLOR: 0.58800 0.58800 0.58800 1.00000
WEIGHTS: None

VERT:
-28.13070 -0.00756 -1.22764
-0.79634 0.58860 -0.13921
0.03706 0.97959
COLOR: 0.58800 0.58800 0.58800 1.00000
WEIGHTS: None

VERT:
-23.62993 5.93422 -0.12351
-0.53768 0.77075 0.34183
0.03414 0.97785
COLOR: 0.58800 0.58800 0.58800 1.00000
WEIGHTS: None

VERT:
-27.95952 -0.00756 -0.16159
-0.75627 0.56586 0.32841
0.03735 0.97321
COLOR: 0.58800 0.58800 0.58800 1.00000
WEIGHTS: None

VERT:
-24.64398 -0.00757 3.68292
-0.60638 0.63579 0.47757
0.03526 0.97191
COLOR: 0.58800 0.58800 0.58800 1.00000
WEIGHTS: None

VERT:
-20.27822 2.42092 5.19804
-0.36065 0.60125 0.71304
0.03272 0.97223
COLOR: 0.58800 0.58800 0.58800 1.00000
WEIGHTS: None

VERT:
-23.99169 -0.00757 6.13819
-0.45159 0.82349 0.34342
0.03454 0.97094
COLOR: 0.58800 0.58800 0.58800 1.00000
WEIGHTS: None

VERT:
-19.18677 -0.00757 7.89439
-0.19477 0.61828 0.76144
0.03210 0.97047
COLOR: 0.58800 0.58800 0.58800 1.00000
WEIGHTS: None

VERT:
-14.39501 -0.00757 7.89439
0.05502 0.41083 0.91005
0.02981 0.97046
COLOR: 0.58800 0.58800 0.58800 1.00000
WEIGHTS: None

VERT:
-10.12526 -0.00757 7.02639
0.17192 0.34416 0.92304
0.02773 0.97068
COLOR: 0.58800 0.58800 0.58800 1.00000
WEIGHTS: None

VERT:
-4.79834 -0.00757 6.13819
-0.03873 0.35955 0.93232
0.02512 0.97092
COLOR: 0.58800 0.58800 0.58800 1.00000
WEIGHTS: None

VERT:
-0.10959 -0.00757 7.58209
-0.19641 0.36798 0.90885
0.02279 0.97058
COLOR: 0.58800 0.58800 0.58800 1.00000
WEIGHTS: None

VERT:
4.79834 -0.00757 8.41742
-0.21332 0.39458 0.89375
0.02040 0.97028
COLOR: 0.58800 0.58800 0.58800 1.00000
WEIGHTS: None

VERT:
9.39192 -0.00757 9.57757
0.06152 0.50987 0.85805
0.01817 0.96993
COLOR: 0.58800 0.58800 0.58800 1.00000
WEIGHTS: None

VERT:
14.39501 -0.00757 8.41742
0.27220 0.63646 0.72169
0.01574 0.97023
COLOR: 0.58800 0.58800 0.58800 1.00000
WEIGHTS: None

VERT:
19.33800 -0.00757 6.13819
0.09049 0.45525 0.88575
0.01321 0.97085
COLOR: 0.58800 0.58800 0.58800 1.00000
WEIGHTS: None

VERT:
23.99169 -0.00757 6.13819
0.38485 0.71288 0.58626
0.01098 0.97089
COLOR: 0.58800 0.58800 0.58800 1.00000
WEIGHTS: None

VERT:
25.85264 -0.00757 3.68292
0.53437 0.80506 0.25752
0.00980 0.97177
COLOR: 0.58800 0.58800 0.58800 1.00000
WEIGHTS: None

VERT:
27.52291 -0.00756 -0.58719
0.51061 0.85922 0.03187
0.00836 0.97926
COLOR: 0.58800 0.58800 0.58800 1.00000
WEIGHTS: None

VERT:
27.37818 -0.00756 -1.22764
0.53154 0.82994 -0.16929
0.00849 0.97956
COLOR: 0.58800 0.58800 0.58800 1.00000
WEIGHTS: None

VERT:
-27.95952 -0.00756 -0.16159
-0.75627 0.56586 0.32841
0.03721 0.97908
COLOR: 0.58800 0.58800 0.58800 1.00000
WEIGHTS: None

VERT:
27.52291 -0.00756 -0.58719
0.51061 0.85922 0.03187
0.00836 0.97343
COLOR: 0.58800 0.58800 0.58800 1.00000
WEIGHTS: None

INDEX_COUNT: 480
0 1 2 3 4 5 6 7 8 9 10 11 12 13 14 15 0 16 17 3 18 19 6 20 21 9 22 23 12 24 25 15 26 27 17 28 29 19 30 31 21 32 33 23 34 35 36 37 38 39 40 41 42 43 44 45 46 47 48 49 50 35 51 52 38 53 54 41 55 56 44 57 58 47 59 60 4 2 2 3 16 16 17 26 61 39 37 37 38 51 62 7 5 5 6 18 18 19 28 63 42 40 40 41 53 64 10 8 8 9 20 20 21 30 65 45 43 43 44 55 66 13 11 11 12 22 22 23 32 67 48 46 46 47 57 68 69 14 14 70 24 24 71 34 72 73 49 49 74 59 75 1 0 76 60 1 77 4 60 78 62 4 79 7 62 80 64 7 81 10 64 82 66 10 83 13 66 84 68 13 85 69 68 86 70 69 87 71 70 88 89 71 90 74 73 91 92 74 93 59 92 94 58 59 95 57 58 96 56 57 97 55 56 98 54 55 99 53 54 100 52 53 101 51 52 102 50 51 103 35 50 104 36 35 105 15 25 106 0 15 1 60 2 4 62 5 7 64 8 10 66 11 13 68 14 0 2 16 3 5 18 6 8 20 9 11 22 12 14 24 15 16 26 17 18 28 19 20 30 21 22 32 23 24 34 36 61 37 39 63 40 42 65 43 45 67 46 48 72 49 35 37 51 38 40 53 41 43 55 44 46 57 47 49 59 4 3 2 3 17 16 17 27 26 39 38 37 38 52 51 7 6 5 6 19 18 19 29 28 42 41 40 41 54 53 10 9 8 9 21 20 21 31 30 45 44 43 44 56 55 13 12 11 12 23 22 23 33 32 48 47 46 47 58 57 69 70 14 70 71 24 71 89 34 73 74 49 74 92 59 75 76 1 76 77 60 77 78 4 78 79 62 79 80 7 80 81 64 81 82 10 82 83 66 83 84 13 84 85 68 85 86 69 86 87 70 87 88 71 88 107 89 90 91 74 91 93 92 93 94 59 94 95 58 95 96 57 96 97 56 97 98 55 98 99 54 99 100 53 100 101 52 101 102 51 102 103 50 103 104 35 104 108 36 105 106 15 106 75 0 