TEXTURE_DIFFUSE: diff.png
MATERIAL_COLOR 0: 0.800000 0.800000 0.800000 1.000000
MESH_NAME: Cube
VERTEX_COUNT: 24
VERT:
-1.00000 1.00000 1.00000
0.00000 1.00000 0.00000
0.62500 0.50000
WEIGHTS: None

VERT:
1.00000 1.00000 1.00000
0.00000 1.00000 0.00000
0.87500 0.50000
WEIGHTS: None

VERT:
1.00000 1.00000 -1.00000
0.00000 1.00000 0.00000
0.87500 0.25000
WEIGHTS: None

VERT:
-1.00000 1.00000 -1.00000
0.00000 1.00000 0.00000
0.62500 0.25000
WEIGHTS: None

VERT:
-1.00000 -1.00000 -1.00000
0.00000 0.00000 -1.00000
0.37500 0.25000
WEIGHTS: None

VERT:
-1.00000 1.00000 -1.00000
0.00000 0.00000 -1.00000
0.62500 0.25000
WEIGHTS: None

VERT:
1.00000 1.00000 -1.00000
0.00000 0.00000 -1.00000
0.62500 0.00000
WEIGHTS: None

VERT:
1.00000 -1.00000 -1.00000
0.00000 0.00000 -1.00000
0.37500 0.00000
WEIGHTS: None

VERT:
1.00000 -1.00000 -1.00000
1.00000 0.00000 0.00000
0.37500 1.00000
WEIGHTS: None

VERT:
1.00000 1.00000 -1.00000
1.00000 0.00000 0.00000
0.62500 1.00000
WEIGHTS: None

VERT:
1.00000 1.00000 1.00000
1.00000 0.00000 0.00000
0.62500 0.75000
WEIGHTS: None

VERT:
1.00000 -1.00000 1.00000
1.00000 0.00000 0.00000
0.37500 0.75000
WEIGHTS: None

VERT:
1.00000 -1.00000 1.00000
0.00000 -1.00000 0.00000
0.12500 0.50000
WEIGHTS: None

VERT:
-1.00000 -1.00000 1.00000
0.00000 -1.00000 0.00000
0.37500 0.50000
WEIGHTS: None

VERT:
-1.00000 -1.00000 -1.00000
0.00000 -1.00000 0.00000
0.37500 0.25000
WEIGHTS: None

VERT:
1.00000 -1.00000 -1.00000
0.00000 -1.00000 0.00000
0.12500 0.25000
WEIGHTS: None

VERT:
-1.00000 -1.00000 1.00000
-1.00000 0.00000 0.00000
0.37500 0.50000
WEIGHTS: None

VERT:
-1.00000 1.00000 1.00000
-1.00000 0.00000 0.00000
0.62500 0.50000
WEIGHTS: None

VERT:
-1.00000 1.00000 -1.00000
-1.00000 0.00000 0.00000
0.62500 0.25000
WEIGHTS: None

VERT:
-1.00000 -1.00000 -1.00000
-1.00000 0.00000 0.00000
0.37500 0.25000
WEIGHTS: None

VERT:
1.00000 -1.00000 1.00000
0.00000 0.00000 1.00000
0.37500 0.75000
WEIGHTS: None

VERT:
1.00000 1.00000 1.00000
0.00000 0.00000 1.00000
0.62500 0.75000
WEIGHTS: None

VERT:
-1.00000 1.00000 1.00000
0.00000 0.00000 1.00000
0.62500 0.50000
WEIGHTS: None

VERT:
-1.00000 -1.00000 1.00000
0.00000 0.00000 1.00000
0.37500 0.50000
WEIGHTS: None

INDEX_COUNT: 24
0 1 2 3 4 5 6 7 8 9 10 11 12 13 14 15 16 17 18 19 20 21 22 23 