MESH_NAME: Icosphere.001
TEXTURE_DIFFUSE: stonetex.png
VERTEX_COUNT: 528
VERT:
-0.20796 -1.98183 0.00000
-0.11454 -0.65889 -0.74347
0.85402 0.66098
WEIGHTS: None

VERT:
-1.30107 -1.06115 -0.64753
-0.11454 -0.65889 -0.74347
0.89598 0.75350
WEIGHTS: None

VERT:
-0.09333 -0.81952 -1.04773
-0.11454 -0.65889 -0.74347
0.93829 0.66098
WEIGHTS: None

VERT:
-1.30107 -1.06115 -0.64753
-0.66285 -0.74654 0.05750
0.48921 0.50926
WEIGHTS: None

VERT:
-0.20796 -1.98183 0.00000
-0.66285 -0.74654 0.05750
0.45468 0.41215
WEIGHTS: None

VERT:
-1.29189 -0.96802 0.66735
-0.66285 -0.74654 0.05750
0.38485 0.49453
WEIGHTS: None

VERT:
-0.20796 -1.98183 0.00000
0.74248 -0.48743 -0.45950
0.55547 0.75314
WEIGHTS: None

VERT:
-0.09333 -0.81952 -1.04773
0.74248 -0.48743 -0.45950
0.43234 0.75893
WEIGHTS: None

VERT:
0.65312 -0.67018 0.00000
0.74248 -0.48743 -0.45950
0.49146 0.80644
WEIGHTS: None

VERT:
-0.20796 -1.98183 0.00000
0.74248 -0.48743 0.45950
0.55547 0.75314
WEIGHTS: None

VERT:
0.65312 -0.67018 0.00000
0.74248 -0.48743 0.45950
0.49146 0.80644
WEIGHTS: None

VERT:
-0.09333 -0.81952 1.04773
0.74248 -0.48743 0.45950
0.55547 0.87069
WEIGHTS: None

VERT:
-0.20796 -1.98183 0.00000
-0.15438 -0.65308 0.74139
0.07543 0.17082
WEIGHTS: None

VERT:
-0.09333 -0.81952 1.04773
-0.15438 -0.65308 0.74139
0.04969 0.24916
WEIGHTS: None

VERT:
-1.29189 -0.96802 0.66735
-0.15438 -0.65308 0.74139
0.14605 0.25871
WEIGHTS: None

VERT:
-1.29189 -0.96802 0.66735
-0.95084 -0.30837 0.02848
0.38485 0.49453
WEIGHTS: None

VERT:
-1.84409 0.67304 0.00032
-0.95084 -0.30837 0.02848
0.40923 0.63966
WEIGHTS: None

VERT:
-1.30107 -1.06115 -0.64753
-0.95084 -0.30837 0.02848
0.48921 0.50926
WEIGHTS: None

VERT:
-0.09333 -0.81952 -1.04773
-0.27831 -0.17358 -0.94468
0.70600 0.24777
WEIGHTS: None

VERT:
-1.15557 0.41410 -0.96146
-0.27831 -0.17358 -0.94468
0.61931 0.33828
WEIGHTS: None

VERT:
-0.89521 0.46619 -1.04773
-0.27831 -0.17358 -0.94468
0.64026 0.33982
WEIGHTS: None

VERT:
-0.55789 1.60866 0.26246
0.64420 0.76485 -0.00000
0.37545 0.97332
WEIGHTS: None

VERT:
0.09217 1.06115 -0.33847
0.64420 0.76485 -0.00000
0.37440 0.89655
WEIGHTS: None

VERT:
-0.55789 1.60866 -0.26246
0.64420 0.76485 -0.00000
0.34460 0.94533
WEIGHTS: None

VERT:
-0.40964 0.99417 0.78940
0.32649 0.16581 0.93054
0.04824 0.39780
WEIGHTS: None

VERT:
-0.74436 0.89379 0.92472
0.32649 0.16581 0.93054
0.07603 0.39341
WEIGHTS: None

VERT:
-0.80138 0.31574 1.04773
0.32649 0.16581 0.93054
0.08891 0.34790
WEIGHTS: None

VERT:
-1.04741 1.51073 -0.42467
0.11454 0.65889 -0.74347
0.62523 0.43604
WEIGHTS: None

VERT:
-0.55789 1.60866 -0.26246
0.11454 0.65889 -0.74347
0.66383 0.44955
WEIGHTS: None

VERT:
-0.19605 1.00349 -0.74304
0.11454 0.65889 -0.74347
0.69470 0.39049
WEIGHTS: None

VERT:
0.65312 -0.67018 0.00000
0.81065 0.04429 -0.58385
0.49146 0.80644
WEIGHTS: None

VERT:
0.04790 0.61234 -0.74303
0.81065 0.04429 -0.58385
0.37440 0.85116
WEIGHTS: None

VERT:
0.22604 0.64798 -0.49300
0.81065 0.04429 -0.58385
0.38851 0.86249
WEIGHTS: None

VERT:
-1.33705 1.46790 0.02667
-0.75757 0.48175 -0.44046
0.39423 0.69314
WEIGHTS: None

VERT:
-1.04741 1.51073 -0.42467
-0.75757 0.48175 -0.44046
0.42899 0.69978
WEIGHTS: None

VERT:
-1.27649 0.78733 -0.82187
-0.75757 0.48175 -0.44046
0.47198 0.65398
WEIGHTS: None

VERT:
0.65312 -0.67018 0.00000
0.81065 0.04429 0.58385
0.49146 0.80644
WEIGHTS: None

VERT:
0.00856 0.21347 0.82791
0.81065 0.04429 0.58385
0.48784 0.91377
WEIGHTS: None

VERT:
-0.09333 -0.81952 1.04773
0.81065 0.04429 0.58385
0.55547 0.87069
WEIGHTS: None

VERT:
-0.40964 0.99417 0.78940
0.69258 0.40059 0.59989
0.44052 0.96417
WEIGHTS: None

VERT:
0.00856 0.21347 0.82791
0.69258 0.40059 0.59989
0.48784 0.91377
WEIGHTS: None

VERT:
0.29450 0.46640 0.32889
0.69258 0.40059 0.59989
0.44707 0.89477
WEIGHTS: None

VERT:
-0.40964 0.99417 0.78940
0.10988 0.66216 0.74127
0.04824 0.39780
WEIGHTS: None

VERT:
-0.55789 1.60866 0.26246
0.10988 0.66216 0.74127
0.05092 0.45322
WEIGHTS: None

VERT:
-1.08034 1.17677 0.72570
0.10988 0.66216 0.74127
0.09832 0.42234
WEIGHTS: None

VERT:
-1.33705 1.46790 0.02667
-0.17777 0.98407 -0.00000
0.91658 0.55383
WEIGHTS: None

VERT:
-0.55789 1.60866 0.26246
-0.17777 0.98407 -0.00000
0.85402 0.57241
WEIGHTS: None

VERT:
-0.55789 1.60866 -0.26246
-0.17777 0.98407 -0.00000
0.87667 0.60763
WEIGHTS: None

VERT:
-0.19605 1.00349 -0.74304
0.70167 0.43763 -0.56226
0.35157 0.87820
WEIGHTS: None

VERT:
-0.16870 1.28086 -0.49300
0.70167 0.43763 -0.56226
0.35157 0.90625
WEIGHTS: None

VERT:
0.09217 1.06115 -0.33847
0.70167 0.43763 -0.56226
0.37440 0.89655
WEIGHTS: None

VERT:
-0.89521 0.46619 -1.04773
0.27831 0.17358 -0.94468
0.64026 0.33982
WEIGHTS: None

VERT:
-0.19605 1.00349 -0.74304
0.27831 0.17358 -0.94468
0.69470 0.39049
WEIGHTS: None

VERT:
0.04790 0.61234 -0.74303
0.27831 0.17358 -0.94468
0.71470 0.36249
WEIGHTS: None

VERT:
-1.84409 0.67304 0.00032
-0.81852 -0.05120 -0.57219
0.40923 0.63966
WEIGHTS: None

VERT:
-1.27649 0.78733 -0.82187
-0.81852 -0.05120 -0.57219
0.47198 0.65398
WEIGHTS: None

VERT:
-1.15557 0.41410 -0.96146
-0.81852 -0.05120 -0.57219
0.48921 0.62586
WEIGHTS: None

VERT:
-0.80138 0.31574 1.04773
-0.34703 0.22783 0.90976
0.08891 0.34790
WEIGHTS: None

VERT:
-0.74436 0.89379 0.92472
-0.34703 0.22783 0.90976
0.07603 0.39341
WEIGHTS: None

VERT:
-1.08034 1.17677 0.72570
-0.34703 0.22783 0.90976
0.09832 0.42234
WEIGHTS: None

VERT:
-1.29189 -0.96802 0.66735
-0.27831 -0.17358 0.94468
0.14605 0.25871
WEIGHTS: None

VERT:
-0.80138 0.31574 1.04773
-0.27831 -0.17358 0.94468
0.08891 0.34790
WEIGHTS: None

VERT:
-1.17259 0.24148 0.92473
-0.27831 -0.17358 0.94468
0.11916 0.34870
WEIGHTS: None

VERT:
0.37343 -1.60808 0.00000
-0.36085 -0.56306 -0.74347
0.22240 0.42728
WEIGHTS: None

VERT:
-0.15517 -0.57515 -0.52572
-0.36085 -0.56306 -0.74347
0.21235 0.48604
WEIGHTS: None

VERT:
0.82481 -0.77416 -0.85064
-0.36085 -0.56306 -0.74347
0.29125 0.46175
WEIGHTS: None

VERT:
-0.15517 -0.57515 -0.52572
-0.90030 -0.43146 0.05750
0.46676 0.27521
WEIGHTS: None

VERT:
0.37343 -1.60808 0.00000
-0.90030 -0.43146 0.05750
0.46676 0.17668
WEIGHTS: None

VERT:
-0.11901 -0.50834 0.54181
-0.90030 -0.43146 0.05750
0.38775 0.24236
WEIGHTS: None

VERT:
0.37343 -1.60808 0.00000
0.49567 -0.73700 -0.45950
0.22240 0.42728
WEIGHTS: None

VERT:
0.82481 -0.77416 -0.85064
0.49567 -0.73700 -0.45950
0.29125 0.46175
WEIGHTS: None

VERT:
1.43049 -0.89717 0.00000
0.49567 -0.73700 -0.45950
0.29125 0.37826
WEIGHTS: None

VERT:
0.37343 -1.60808 0.00000
0.49567 -0.73700 0.45950
0.22240 0.42728
WEIGHTS: None

VERT:
1.43049 -0.89717 0.00000
0.49567 -0.73700 0.45950
0.29125 0.37826
WEIGHTS: None

VERT:
0.82481 -0.77416 0.85064
0.49567 -0.73700 0.45950
0.21235 0.35094
WEIGHTS: None

VERT:
0.37343 -1.60808 0.00000
-0.39533 -0.54227 0.74139
0.82996 0.24472
WEIGHTS: None

VERT:
0.82481 -0.77416 0.85064
-0.39533 -0.54227 0.74139
0.79602 0.30464
WEIGHTS: None

VERT:
-0.11901 -0.50834 0.54181
-0.39533 -0.54227 0.74139
0.87334 0.32390
WEIGHTS: None

VERT:
-0.11901 -0.50834 0.54181
-0.99617 0.08266 0.02857
0.38775 0.24236
WEIGHTS: None

VERT:
-0.01740 0.89868 0.01404
-0.99617 0.08266 0.02857
0.37751 0.35880
WEIGHTS: None

VERT:
-0.15517 -0.57515 -0.52572
-0.99617 0.08266 0.02857
0.46676 0.27521
WEIGHTS: None

VERT:
0.82481 -0.77416 -0.85064
-0.11850 0.01694 -0.99281
0.93465 0.80686
WEIGHTS: None

VERT:
0.41774 0.48329 -0.78060
-0.11850 0.01694 -0.99281
0.89462 0.89769
WEIGHTS: None

VERT:
0.73393 0.66401 -0.81525
-0.11850 0.01694 -0.99281
0.91890 0.91196
WEIGHTS: None

VERT:
1.24082 1.18941 0.21308
0.90560 0.42413 -0.00000
0.87659 0.18290
WEIGHTS: None

VERT:
1.56582 0.49548 -0.31624
0.90560 0.42413 -0.00000
0.81959 0.13521
WEIGHTS: None

VERT:
1.24082 1.18941 -0.21308
0.90560 0.42413 -0.00000
0.84384 0.19136
WEIGHTS: None

VERT:
1.22597 -0.03303 0.67217
0.32382 0.05220 0.94468
0.76805 0.36715
WEIGHTS: None

VERT:
0.87640 0.71299 0.75077
0.32382 0.05220 0.94468
0.79939 0.42365
WEIGHTS: None

VERT:
0.65191 0.29827 0.85064
0.32382 0.05220 0.94468
0.81504 0.38867
WEIGHTS: None

VERT:
0.84362 1.27008 -0.34478
0.36023 0.57677 -0.73320
0.92201 0.97209
WEIGHTS: None

VERT:
1.24082 1.18941 -0.21308
0.36023 0.57677 -0.73320
0.95352 0.97332
WEIGHTS: None

VERT:
1.40618 0.73647 -0.48815
0.36023 0.57677 -0.73320
0.97054 0.93263
WEIGHTS: None

VERT:
1.43049 -0.89717 0.00000
0.88932 -0.18171 -0.41962
0.82256 0.02668
WEIGHTS: None

VERT:
1.38088 0.25315 -0.60326
0.88932 -0.18171 -0.41962
0.79617 0.12610
WEIGHTS: None

VERT:
1.56582 0.49548 -0.31624
0.88932 -0.18171 -0.41962
0.81959 0.13521
WEIGHTS: None

VERT:
-0.01740 0.89868 0.01404
-0.48730 0.76299 -0.42472
0.68609 0.18723
WEIGHTS: None

VERT:
0.63153 1.33600 0.05512
-0.48730 0.76299 -0.42472
0.65453 0.14449
WEIGHTS: None

VERT:
0.55010 0.86603 -0.69572
-0.48730 0.76299 -0.42472
0.61384 0.18578
WEIGHTS: None

VERT:
1.43049 -0.89717 0.00000
0.76450 -0.27322 0.58385
0.82256 0.02668
WEIGHTS: None

VERT:
1.22597 -0.03303 0.67217
0.76450 -0.27322 0.58385
0.89162 0.08210
WEIGHTS: None

VERT:
0.82481 -0.77416 0.85064
0.76450 -0.27322 0.58385
0.89876 0.03021
WEIGHTS: None

VERT:
1.17847 0.76671 0.58196
-0.03574 0.66007 0.75035
0.54808 0.29153
WEIGHTS: None

VERT:
1.24082 1.18941 0.21308
-0.03574 0.66007 0.75035
0.52011 0.31651
WEIGHTS: None

VERT:
0.63153 1.33600 0.05512
-0.03574 0.66007 0.75035
0.54808 0.35880
WEIGHTS: None

VERT:
0.63153 1.33600 0.05512
0.23390 0.97226 -0.00000
0.65453 0.14449
WEIGHTS: None

VERT:
1.24082 1.18941 0.21308
0.23390 0.97226 -0.00000
0.63576 0.09803
WEIGHTS: None

VERT:
1.24082 1.18941 -0.21308
0.23390 0.97226 -0.00000
0.60883 0.11878
WEIGHTS: None

VERT:
0.73393 0.66401 -0.81525
0.41284 0.19051 -0.89066
0.91890 0.91196
WEIGHTS: None

VERT:
1.40618 0.73647 -0.48815
0.41284 0.19051 -0.89066
0.97054 0.93263
WEIGHTS: None

VERT:
1.38088 0.25315 -0.60326
0.41284 0.19051 -0.89066
0.97185 0.89356
WEIGHTS: None

VERT:
-0.01740 0.89868 0.01404
-0.71464 0.37768 -0.58876
0.85402 0.95058
WEIGHTS: None

VERT:
0.55010 0.86603 -0.69572
-0.71464 0.37768 -0.58876
0.90255 0.92923
WEIGHTS: None

VERT:
0.41774 0.48329 -0.78060
-0.71464 0.37768 -0.58876
0.89462 0.89769
WEIGHTS: None

VERT:
0.65191 0.29827 0.85064
-0.23167 0.34448 0.90976
0.81504 0.38867
WEIGHTS: None

VERT:
0.87640 0.71299 0.75077
-0.23167 0.34448 0.90976
0.79939 0.42365
WEIGHTS: None

VERT:
0.71393 1.03048 0.58918
-0.23167 0.34448 0.90976
0.81428 0.44955
WEIGHTS: None

VERT:
0.82481 -0.77416 0.85064
-0.32382 -0.05220 0.94468
0.79602 0.30464
WEIGHTS: None

VERT:
0.35071 0.35944 0.75077
-0.32382 -0.05220 0.94468
0.83961 0.39295
WEIGHTS: None

VERT:
-0.11901 -0.50834 0.54181
-0.32382 -0.05220 0.94468
0.87334 0.32390
WEIGHTS: None

VERT:
-0.09333 -0.81952 -1.04773
-0.27831 -0.17358 -0.94468
0.70600 0.24777
WEIGHTS: None

VERT:
-1.30107 -1.06115 -0.64753
-0.27831 -0.17358 -0.94468
0.60883 0.24058
WEIGHTS: None

VERT:
-1.15557 0.41410 -0.96146
-0.27831 -0.17358 -0.94468
0.61931 0.33828
WEIGHTS: None

VERT:
-0.55789 1.60866 0.26246
0.70497 0.55197 0.44535
0.37545 0.97332
WEIGHTS: None

VERT:
-0.40964 0.99417 0.78940
0.70497 0.55197 0.44535
0.44052 0.96417
WEIGHTS: None

VERT:
0.29450 0.46640 0.32889
0.70497 0.55197 0.44535
0.44707 0.89477
WEIGHTS: None

VERT:
0.29450 0.46640 0.32889
0.75895 0.58319 0.28964
0.44707 0.89477
WEIGHTS: None

VERT:
0.09217 1.06115 -0.33847
0.75895 0.58319 0.28964
0.37440 0.89655
WEIGHTS: None

VERT:
-0.55789 1.60866 0.26246
0.75895 0.58319 0.28964
0.37545 0.97332
WEIGHTS: None

VERT:
0.09217 1.06115 -0.33847
0.64420 0.76485 0.00000
0.37440 0.89655
WEIGHTS: None

VERT:
-0.16870 1.28086 -0.49300
0.64420 0.76485 0.00000
0.35157 0.90625
WEIGHTS: None

VERT:
-0.55789 1.60866 -0.26246
0.64420 0.76485 0.00000
0.34460 0.94533
WEIGHTS: None

VERT:
-0.80138 0.31574 1.04773
0.27831 0.17358 0.94468
0.08891 0.34790
WEIGHTS: None

VERT:
-0.09333 -0.81952 1.04773
0.27831 0.17358 0.94468
0.04969 0.24916
WEIGHTS: None

VERT:
0.00856 0.21347 0.82791
0.27831 0.17358 0.94468
0.02668 0.33050
WEIGHTS: None

VERT:
0.00856 0.21347 0.82791
0.27984 0.19627 0.93977
0.02668 0.33050
WEIGHTS: None

VERT:
-0.40964 0.99417 0.78940
0.27984 0.19627 0.93977
0.04824 0.39780
WEIGHTS: None

VERT:
-0.80138 0.31574 1.04773
0.27984 0.19627 0.93977
0.08891 0.34790
WEIGHTS: None

VERT:
-0.55789 1.60866 -0.26246
0.11454 0.65889 -0.74347
0.66383 0.44955
WEIGHTS: None

VERT:
-0.16870 1.28086 -0.49300
0.11454 0.65889 -0.74347
0.69592 0.41895
WEIGHTS: None

VERT:
-0.19605 1.00349 -0.74304
0.11454 0.65889 -0.74347
0.69470 0.39049
WEIGHTS: None

VERT:
-0.19605 1.00349 -0.74304
0.12811 0.67252 -0.72891
0.69470 0.39049
WEIGHTS: None

VERT:
-1.00829 0.99170 -0.89667
0.12811 0.67252 -0.72891
0.63018 0.38285
WEIGHTS: None

VERT:
-1.04741 1.51073 -0.42467
0.12811 0.67252 -0.72891
0.62523 0.43604
WEIGHTS: None

VERT:
0.65312 -0.67018 0.00000
0.81065 0.04429 -0.58385
0.49146 0.80644
WEIGHTS: None

VERT:
-0.09333 -0.81952 -1.04773
0.81065 0.04429 -0.58385
0.43234 0.75893
WEIGHTS: None

VERT:
0.04790 0.61234 -0.74303
0.81065 0.04429 -0.58385
0.37440 0.85116
WEIGHTS: None

VERT:
-1.84409 0.67304 0.00032
-0.82883 -0.05249 0.55703
0.40923 0.63966
WEIGHTS: None

VERT:
-1.29189 -0.96802 0.66735
-0.82883 -0.05249 0.55703
0.38485 0.49453
WEIGHTS: None

VERT:
-1.60395 0.72182 0.36225
-0.82883 -0.05249 0.55703
0.38028 0.63400
WEIGHTS: None

VERT:
-1.29189 -0.96802 0.66735
-0.81065 -0.04429 0.58385
0.38485 0.49453
WEIGHTS: None

VERT:
-1.17259 0.24148 0.92473
-0.81065 -0.04429 0.58385
0.34460 0.58160
WEIGHTS: None

VERT:
-1.60395 0.72182 0.36225
-0.81065 -0.04429 0.58385
0.38028 0.63400
WEIGHTS: None

VERT:
-1.04741 1.51073 -0.42467
-0.57549 0.52606 -0.62616
0.62523 0.43604
WEIGHTS: None

VERT:
-1.00829 0.99170 -0.89667
-0.57549 0.52606 -0.62616
0.63018 0.38285
WEIGHTS: None

VERT:
-1.27649 0.78733 -0.82187
-0.57549 0.52606 -0.62616
0.60883 0.36980
WEIGHTS: None

VERT:
-1.27649 0.78733 -0.82187
-0.74715 0.49145 -0.44749
0.47198 0.65398
WEIGHTS: None

VERT:
-1.84409 0.67304 0.00032
-0.74715 0.49145 -0.44749
0.40923 0.63966
WEIGHTS: None

VERT:
-1.33705 1.46790 0.02667
-0.74715 0.49145 -0.44749
0.39423 0.69314
WEIGHTS: None

VERT:
-1.33705 1.46790 0.02667
-0.76264 0.47183 0.44245
0.39423 0.69314
WEIGHTS: None

VERT:
-1.84409 0.67304 0.00032
-0.76264 0.47183 0.44245
0.40923 0.63966
WEIGHTS: None

VERT:
-1.60395 0.72182 0.36225
-0.76264 0.47183 0.44245
0.38028 0.63400
WEIGHTS: None

VERT:
-1.60395 0.72182 0.36225
-0.74176 0.47728 0.47117
0.38028 0.63400
WEIGHTS: None

VERT:
-1.08034 1.17677 0.72570
-0.74176 0.47728 0.47117
0.34460 0.65552
WEIGHTS: None

VERT:
-1.33705 1.46790 0.02667
-0.74176 0.47728 0.47117
0.39423 0.69314
WEIGHTS: None

VERT:
0.65312 -0.67018 0.00000
0.83753 0.10936 0.53533
0.49146 0.80644
WEIGHTS: None

VERT:
0.29450 0.46640 0.32889
0.83753 0.10936 0.53533
0.44707 0.89477
WEIGHTS: None

VERT:
0.00856 0.21347 0.82791
0.83753 0.10936 0.53533
0.48784 0.91377
WEIGHTS: None

VERT:
-1.33705 1.46790 0.02667
-0.29015 0.84093 0.45678
0.91658 0.55383
WEIGHTS: None

VERT:
-1.08034 1.17677 0.72570
-0.29015 0.84093 0.45678
0.86900 0.51623
WEIGHTS: None

VERT:
-0.55789 1.60866 0.26246
-0.29015 0.84093 0.45678
0.85402 0.57241
WEIGHTS: None

VERT:
-1.08034 1.17677 0.72570
0.10684 0.65373 0.74915
0.09832 0.42234
WEIGHTS: None

VERT:
-0.74436 0.89379 0.92472
0.10684 0.65373 0.74915
0.07603 0.39341
WEIGHTS: None

VERT:
-0.40964 0.99417 0.78940
0.10684 0.65373 0.74915
0.04824 0.39780
WEIGHTS: None

VERT:
-0.55789 1.60866 -0.26246
-0.18745 0.98190 -0.02714
0.87667 0.60763
WEIGHTS: None

VERT:
-1.04741 1.51073 -0.42467
-0.18745 0.98190 -0.02714
0.91658 0.59685
WEIGHTS: None

VERT:
-1.33705 1.46790 0.02667
-0.18745 0.98190 -0.02714
0.91658 0.55383
WEIGHTS: None

VERT:
0.09217 1.06115 -0.33847
0.70166 0.43764 -0.56227
0.37440 0.89655
WEIGHTS: None

VERT:
0.22604 0.64798 -0.49300
0.70166 0.43764 -0.56227
0.38851 0.86249
WEIGHTS: None

VERT:
0.04790 0.61234 -0.74303
0.70166 0.43764 -0.56227
0.37440 0.85116
WEIGHTS: None

VERT:
0.04790 0.61234 -0.74303
0.70167 0.43763 -0.56226
0.37440 0.85116
WEIGHTS: None

VERT:
-0.19605 1.00349 -0.74304
0.70167 0.43763 -0.56226
0.35157 0.87820
WEIGHTS: None

VERT:
0.09217 1.06115 -0.33847
0.70167 0.43763 -0.56226
0.37440 0.89655
WEIGHTS: None

VERT:
0.29450 0.46640 0.32889
0.95257 0.30408 -0.01217
0.44707 0.89477
WEIGHTS: None

VERT:
0.65312 -0.67018 0.00000
0.95257 0.30408 -0.01217
0.49146 0.80644
WEIGHTS: None

VERT:
0.22604 0.64798 -0.49300
0.95257 0.30408 -0.01217
0.38851 0.86249
WEIGHTS: None

VERT:
0.22604 0.64798 -0.49300
0.95013 0.31169 -0.01029
0.38851 0.86249
WEIGHTS: None

VERT:
0.09217 1.06115 -0.33847
0.95013 0.31169 -0.01029
0.37440 0.89655
WEIGHTS: None

VERT:
0.29450 0.46640 0.32889
0.95013 0.31169 -0.01029
0.44707 0.89477
WEIGHTS: None

VERT:
-1.00829 0.99170 -0.89667
-0.34292 0.19062 -0.91982
0.63018 0.38285
WEIGHTS: None

VERT:
-0.89521 0.46619 -1.04773
-0.34292 0.19062 -0.91982
0.64026 0.33982
WEIGHTS: None

VERT:
-1.15557 0.41410 -0.96146
-0.34292 0.19062 -0.91982
0.61931 0.33828
WEIGHTS: None

VERT:
-1.15557 0.41410 -0.96146
-0.40348 0.20296 -0.89219
0.61931 0.33828
WEIGHTS: None

VERT:
-1.27649 0.78733 -0.82187
-0.40348 0.20296 -0.89219
0.60883 0.36980
WEIGHTS: None

VERT:
-1.00829 0.99170 -0.89667
-0.40348 0.20296 -0.89219
0.63018 0.38285
WEIGHTS: None

VERT:
0.04790 0.61234 -0.74303
0.27831 0.17358 -0.94468
0.71470 0.36249
WEIGHTS: None

VERT:
-0.09333 -0.81952 -1.04773
0.27831 0.17358 -0.94468
0.70600 0.24777
WEIGHTS: None

VERT:
-0.89521 0.46619 -1.04773
0.27831 0.17358 -0.94468
0.64026 0.33982
WEIGHTS: None

VERT:
-0.89521 0.46619 -1.04773
0.17263 0.30626 -0.93617
0.64026 0.33982
WEIGHTS: None

VERT:
-1.00829 0.99170 -0.89667
0.17263 0.30626 -0.93617
0.63018 0.38285
WEIGHTS: None

VERT:
-0.19605 1.00349 -0.74304
0.17263 0.30626 -0.93617
0.69470 0.39049
WEIGHTS: None

VERT:
-1.15557 0.41410 -0.96146
-0.81767 -0.04154 -0.57418
0.48921 0.62586
WEIGHTS: None

VERT:
-1.30107 -1.06115 -0.64753
-0.81767 -0.04154 -0.57418
0.48921 0.50926
WEIGHTS: None

VERT:
-1.84409 0.67304 0.00032
-0.81767 -0.04154 -0.57418
0.40923 0.63966
WEIGHTS: None

VERT:
-1.60395 0.72182 0.36225
-0.67663 0.21650 0.70378
0.14605 0.39810
WEIGHTS: None

VERT:
-1.17259 0.24148 0.92473
-0.67663 0.21650 0.70378
0.11916 0.34870
WEIGHTS: None

VERT:
-1.08034 1.17677 0.72570
-0.67663 0.21650 0.70378
0.09832 0.42234
WEIGHTS: None

VERT:
-1.17259 0.24148 0.92473
-0.34703 0.22782 0.90976
0.11916 0.34870
WEIGHTS: None

VERT:
-0.80138 0.31574 1.04773
-0.34703 0.22782 0.90976
0.08891 0.34790
WEIGHTS: None

VERT:
-1.08034 1.17677 0.72570
-0.34703 0.22782 0.90976
0.09832 0.42234
WEIGHTS: None

VERT:
-1.29189 -0.96802 0.66735
-0.27831 -0.17358 0.94468
0.14605 0.25871
WEIGHTS: None

VERT:
-0.09333 -0.81952 1.04773
-0.27831 -0.17358 0.94468
0.04969 0.24916
WEIGHTS: None

VERT:
-0.80138 0.31574 1.04773
-0.27831 -0.17358 0.94468
0.08891 0.34790
WEIGHTS: None

VERT:
0.82481 -0.77416 -0.85064
-0.32382 -0.05220 -0.94468
0.93465 0.80686
WEIGHTS: None

VERT:
-0.15517 -0.57515 -0.52572
-0.32382 -0.05220 -0.94468
0.85402 0.82489
WEIGHTS: None

VERT:
0.41774 0.48329 -0.78060
-0.32382 -0.05220 -0.94468
0.89462 0.89769
WEIGHTS: None

VERT:
1.24082 1.18941 0.21308
0.87799 0.23460 0.41725
0.87659 0.18290
WEIGHTS: None

VERT:
1.17847 0.76671 0.58196
0.87799 0.23460 0.41725
0.89876 0.14492
WEIGHTS: None

VERT:
1.51988 0.06295 0.25925
0.87799 0.23460 0.41725
0.85724 0.09209
WEIGHTS: None

VERT:
1.51988 0.06295 0.25925
0.93560 0.24230 0.25680
0.85724 0.09209
WEIGHTS: None

VERT:
1.56582 0.49548 -0.31624
0.93560 0.24230 0.25680
0.81959 0.13521
WEIGHTS: None

VERT:
1.24082 1.18941 0.21308
0.93560 0.24230 0.25680
0.87659 0.18290
WEIGHTS: None

VERT:
1.56582 0.49548 -0.31624
0.87621 0.43970 -0.19731
0.81959 0.13521
WEIGHTS: None

VERT:
1.40618 0.73647 -0.48815
0.87621 0.43970 -0.19731
0.81273 0.15970
WEIGHTS: None

VERT:
1.24082 1.18941 -0.21308
0.87621 0.43970 -0.19731
0.84384 0.19136
WEIGHTS: None

VERT:
0.65191 0.29827 0.85064
0.32382 0.05220 0.94468
0.81504 0.38867
WEIGHTS: None

VERT:
0.82481 -0.77416 0.85064
0.32382 0.05220 0.94468
0.79602 0.30464
WEIGHTS: None

VERT:
1.22597 -0.03303 0.67217
0.32382 0.05220 0.94468
0.76805 0.36715
WEIGHTS: None

VERT:
1.22597 -0.03303 0.67217
0.46670 0.12646 0.87533
0.76805 0.36715
WEIGHTS: None

VERT:
1.17847 0.76671 0.58196
0.46670 0.12646 0.87533
0.77596 0.43112
WEIGHTS: None

VERT:
0.87640 0.71299 0.75077
0.46670 0.12646 0.87533
0.79939 0.42365
WEIGHTS: None

VERT:
1.40618 0.73647 -0.48815
0.31879 0.54453 -0.77580
0.97054 0.93263
WEIGHTS: None

VERT:
0.73393 0.66401 -0.81525
0.31879 0.54453 -0.77580
0.91890 0.91196
WEIGHTS: None

VERT:
0.84362 1.27008 -0.34478
0.31879 0.54453 -0.77580
0.92201 0.97209
WEIGHTS: None

VERT:
0.73393 0.66401 -0.81525
0.13442 0.59234 -0.79440
0.91890 0.91196
WEIGHTS: None

VERT:
0.55010 0.86603 -0.69572
0.13442 0.59234 -0.79440
0.90255 0.92923
WEIGHTS: None

VERT:
0.84362 1.27008 -0.34478
0.13442 0.59234 -0.79440
0.92201 0.97209
WEIGHTS: None

VERT:
1.43049 -0.89717 0.00000
0.76450 -0.27322 -0.58385
0.82256 0.02668
WEIGHTS: None

VERT:
0.82481 -0.77416 -0.85064
0.76450 -0.27322 -0.58385
0.76805 0.06401
WEIGHTS: None

VERT:
1.38088 0.25315 -0.60326
0.76450 -0.27322 -0.58385
0.79617 0.12610
WEIGHTS: None

VERT:
-0.11901 -0.50834 0.54181
-0.76514 0.27384 0.58273
0.38775 0.24236
WEIGHTS: None

VERT:
0.35071 0.35944 0.75077
-0.76514 0.27384 0.58273
0.34460 0.29005
WEIGHTS: None

VERT:
-0.01740 0.89868 0.01404
-0.76514 0.27384 0.58273
0.37751 0.35880
WEIGHTS: None

VERT:
0.84362 1.27008 -0.34478
-0.53489 0.74107 -0.40584
0.61934 0.15046
WEIGHTS: None

VERT:
0.55010 0.86603 -0.69572
-0.53489 0.74107 -0.40584
0.61384 0.18578
WEIGHTS: None

VERT:
0.63153 1.33600 0.05512
-0.53489 0.74107 -0.40584
0.65453 0.14449
WEIGHTS: None

VERT:
-0.01740 0.89868 0.01404
-0.50959 0.71061 0.48513
0.68609 0.18723
WEIGHTS: None

VERT:
0.71393 1.03048 0.58918
-0.50959 0.71061 0.48513
0.68609 0.11297
WEIGHTS: None

VERT:
0.63153 1.33600 0.05512
-0.50959 0.71061 0.48513
0.65453 0.14449
WEIGHTS: None

VERT:
1.43049 -0.89717 0.00000
0.81821 -0.21965 0.53132
0.82256 0.02668
WEIGHTS: None

VERT:
1.51988 0.06295 0.25925
0.81821 -0.21965 0.53132
0.85724 0.09209
WEIGHTS: None

VERT:
1.22597 -0.03303 0.67217
0.81821 -0.21965 0.53132
0.89162 0.08210
WEIGHTS: None

VERT:
1.17847 0.76671 0.58196
0.79662 0.11428 0.59357
0.89876 0.14492
WEIGHTS: None

VERT:
1.22597 -0.03303 0.67217
0.79662 0.11428 0.59357
0.89162 0.08210
WEIGHTS: None

VERT:
1.51988 0.06295 0.25925
0.79662 0.11428 0.59357
0.85724 0.09209
WEIGHTS: None

VERT:
0.63153 1.33600 0.05512
0.45995 0.79947 0.38638
0.65453 0.14449
WEIGHTS: None

VERT:
0.71393 1.03048 0.58918
0.45995 0.79947 0.38638
0.68609 0.11297
WEIGHTS: None

VERT:
1.17847 0.76671 0.58196
0.45995 0.79947 0.38638
0.66462 0.08361
WEIGHTS: None

VERT:
0.71393 1.03048 0.58918
0.32778 0.55636 0.76356
0.81428 0.44955
WEIGHTS: None

VERT:
0.87640 0.71299 0.75077
0.32778 0.55636 0.76356
0.79939 0.42365
WEIGHTS: None

VERT:
1.17847 0.76671 0.58196
0.32778 0.55636 0.76356
0.77596 0.43112
WEIGHTS: None

VERT:
1.24082 1.18941 -0.21308
0.21387 0.97571 -0.04741
0.60883 0.11878
WEIGHTS: None

VERT:
0.84362 1.27008 -0.34478
0.21387 0.97571 -0.04741
0.61934 0.15046
WEIGHTS: None

VERT:
0.63153 1.33600 0.05512
0.21387 0.97571 -0.04741
0.65453 0.14449
WEIGHTS: None

VERT:
1.56582 0.49548 -0.31624
0.79547 0.10068 -0.59758
0.81959 0.13521
WEIGHTS: None

VERT:
1.38088 0.25315 -0.60326
0.79547 0.10068 -0.59758
0.79617 0.12610
WEIGHTS: None

VERT:
1.40618 0.73647 -0.48815
0.79547 0.10068 -0.59758
0.81273 0.15970
WEIGHTS: None

VERT:
1.51988 0.06295 0.25925
0.99545 -0.09489 0.00815
0.85724 0.09209
WEIGHTS: None

VERT:
1.43049 -0.89717 0.00000
0.99545 -0.09489 0.00815
0.82256 0.02668
WEIGHTS: None

VERT:
1.56582 0.49548 -0.31624
0.99545 -0.09489 0.00815
0.81959 0.13521
WEIGHTS: None

VERT:
0.73393 0.66401 -0.81525
-0.26986 0.29647 -0.91612
0.91890 0.91196
WEIGHTS: None

VERT:
0.41774 0.48329 -0.78060
-0.26986 0.29647 -0.91612
0.89462 0.89769
WEIGHTS: None

VERT:
0.55010 0.86603 -0.69572
-0.26986 0.29647 -0.91612
0.90255 0.92923
WEIGHTS: None

VERT:
1.38088 0.25315 -0.60326
0.33643 0.04441 -0.94066
0.97185 0.89356
WEIGHTS: None

VERT:
0.82481 -0.77416 -0.85064
0.33643 0.04441 -0.94066
0.93465 0.80686
WEIGHTS: None

VERT:
0.73393 0.66401 -0.81525
0.33643 0.04441 -0.94066
0.91890 0.91196
WEIGHTS: None

VERT:
0.41774 0.48329 -0.78060
-0.77234 0.28086 -0.56975
0.45083 0.35107
WEIGHTS: None

VERT:
-0.15517 -0.57515 -0.52572
-0.77234 0.28086 -0.56975
0.46676 0.27521
WEIGHTS: None

VERT:
-0.01740 0.89868 0.01404
-0.77234 0.28086 -0.56975
0.37751 0.35880
WEIGHTS: None

VERT:
-0.01740 0.89868 0.01404
-0.59468 0.47762 0.64671
0.87334 0.44105
WEIGHTS: None

VERT:
0.35071 0.35944 0.75077
-0.59468 0.47762 0.64671
0.83961 0.39295
WEIGHTS: None

VERT:
0.71393 1.03048 0.58918
-0.59468 0.47762 0.64671
0.81428 0.44955
WEIGHTS: None

VERT:
0.35071 0.35944 0.75077
-0.23168 0.34448 0.90976
0.83961 0.39295
WEIGHTS: None

VERT:
0.65191 0.29827 0.85064
-0.23168 0.34448 0.90976
0.81504 0.38867
WEIGHTS: None

VERT:
0.71393 1.03048 0.58918
-0.23168 0.34448 0.90976
0.81428 0.44955
WEIGHTS: None

VERT:
0.82481 -0.77416 0.85064
-0.32382 -0.05220 0.94468
0.79602 0.30464
WEIGHTS: None

VERT:
0.65191 0.29827 0.85064
-0.32382 -0.05220 0.94468
0.81504 0.38867
WEIGHTS: None

VERT:
0.35071 0.35944 0.75077
-0.32382 -0.05220 0.94468
0.83961 0.39295
WEIGHTS: None

VERT:
-0.26311 -0.63816 -0.22828
-0.80195 -0.59739 0.00000
0.11320 0.50836
WEIGHTS: None

VERT:
-0.55391 -0.24778 0.40873
-0.80195 -0.59739 0.00000
0.06103 0.54046
WEIGHTS: None

VERT:
-0.55391 -0.24778 -0.44275
-0.80195 -0.59739 0.00000
0.12899 0.54407
WEIGHTS: None

VERT:
0.13276 -0.63816 0.32483
0.65093 -0.59937 0.46589
0.23201 0.21572
WEIGHTS: None

VERT:
0.73687 -0.24778 -0.01701
0.65093 -0.59937 0.46589
0.28720 0.20983
WEIGHTS: None

VERT:
0.24383 -0.24778 0.67186
0.65093 -0.59937 0.46589
0.22308 0.18799
WEIGHTS: None

VERT:
0.13276 -0.63816 -0.35885
-0.24998 -0.60260 -0.75788
0.26383 0.26017
WEIGHTS: None

VERT:
-0.55391 -0.24778 -0.44275
-0.24998 -0.60260 -0.75788
0.22308 0.29758
WEIGHTS: None

VERT:
0.24383 -0.24778 -0.70588
-0.24998 -0.60260 -0.75788
0.28720 0.27757
WEIGHTS: None

VERT:
0.13276 -0.63816 0.32483
-0.24998 -0.60260 0.75788
0.62009 0.50360
WEIGHTS: None

VERT:
-0.55391 -0.24778 0.40873
-0.24998 -0.60260 0.75788
0.67654 0.53023
WEIGHTS: None

VERT:
-0.26311 -0.63816 0.19426
-0.24998 -0.60260 0.75788
0.65198 0.50290
WEIGHTS: None

VERT:
-0.55391 -0.24778 -0.44275
-0.99953 -0.03052 0.00000
0.12899 0.54407
WEIGHTS: None

VERT:
-0.55391 -0.24778 0.40873
-0.99953 -0.03052 0.00000
0.06103 0.54046
WEIGHTS: None

VERT:
-0.69018 4.21519 -0.01701
-0.99953 -0.03052 0.00000
0.07477 0.89489
WEIGHTS: None

VERT:
-0.69018 4.21519 -0.01701
-0.81280 0.03068 -0.58174
0.07477 0.89489
WEIGHTS: None

VERT:
-0.21813 3.95259 -0.69039
-0.81280 0.03068 -0.58174
0.12899 0.87042
WEIGHTS: None

VERT:
-0.55391 -0.24778 -0.44275
-0.81280 0.03068 -0.58174
0.12899 0.54407
WEIGHTS: None

VERT:
-0.01594 5.04806 -0.44011
0.30494 0.22867 -0.92451
0.75208 0.94967
WEIGHTS: None

VERT:
0.15369 5.26771 -0.32983
0.30494 0.22867 -0.92451
0.76436 0.97012
WEIGHTS: None

VERT:
0.41022 5.03673 -0.30234
0.30494 0.22867 -0.92451
0.78563 0.95548
WEIGHTS: None

VERT:
0.24383 -0.24778 -0.70588
0.81283 -0.02928 -0.58176
0.18234 0.55436
WEIGHTS: None

VERT:
0.64554 2.88592 -0.30235
0.81283 -0.02928 -0.58176
0.22275 0.78439
WEIGHTS: None

VERT:
0.73687 -0.24778 -0.01701
0.81283 -0.02928 -0.58176
0.23123 0.53939
WEIGHTS: None

VERT:
0.73687 -0.24778 -0.01701
0.81284 -0.02906 0.58177
0.23123 0.53939
WEIGHTS: None

VERT:
0.47067 2.74733 0.50455
0.81284 -0.02906 0.58177
0.28794 0.77168
WEIGHTS: None

VERT:
0.24383 -0.24778 0.67186
0.81284 -0.02906 0.58177
0.29125 0.54472
WEIGHTS: None

VERT:
-0.38870 5.26772 -0.01701
-0.79198 0.22685 -0.56684
0.06948 0.97332
WEIGHTS: None

VERT:
-0.27158 5.26771 -0.18066
-0.79198 0.22685 -0.56684
0.08236 0.97235
WEIGHTS: None

VERT:
-0.16741 4.55105 -0.61300
-0.79198 0.22685 -0.56684
0.11999 0.91639
WEIGHTS: None

VERT:
0.24383 -0.24778 0.67186
-0.31310 -0.03024 0.94924
0.61227 0.53163
WEIGHTS: None

VERT:
-0.26535 3.44455 0.62155
-0.31310 -0.03024 0.94924
0.67060 0.82195
WEIGHTS: None

VERT:
-0.55391 -0.24778 0.40873
-0.31310 -0.03024 0.94924
0.67654 0.53023
WEIGHTS: None

VERT:
-0.13089 4.96371 0.46487
-0.79198 0.22685 0.56684
0.03201 0.94374
WEIGHTS: None

VERT:
-0.16415 5.26771 0.29674
-0.79198 0.22685 0.56684
0.04409 0.96881
WEIGHTS: None

VERT:
-0.38870 5.26772 -0.01701
-0.79198 0.22685 0.56684
0.06948 0.97332
WEIGHTS: None

VERT:
0.41022 5.03673 -0.30234
0.97419 0.22574 0.00000
0.23437 0.95472
WEIGHTS: None

VERT:
0.35670 5.26771 -0.26287
0.97419 0.22574 0.00000
0.23906 0.97332
WEIGHTS: None

VERT:
0.35670 5.26771 0.22885
0.97419 0.22574 0.00000
0.27793 0.96988
WEIGHTS: None

VERT:
-0.26311 -0.63816 -0.22828
-0.00000 -1.00000 0.00000
0.23201 0.27011
WEIGHTS: None

VERT:
0.37742 -0.63816 -0.01701
-0.00000 -1.00000 0.00000
0.26383 0.22656
WEIGHTS: None

VERT:
-0.26311 -0.63816 0.19426
-0.00000 -1.00000 0.00000
0.21235 0.24263
WEIGHTS: None

VERT:
0.13276 -0.63816 -0.35885
0.65093 -0.59937 -0.46589
0.26383 0.26017
WEIGHTS: None

VERT:
0.73687 -0.24778 -0.01701
0.65093 -0.59937 -0.46589
0.28720 0.20983
WEIGHTS: None

VERT:
0.37742 -0.63816 -0.01701
0.65093 -0.59937 -0.46589
0.26383 0.22656
WEIGHTS: None

VERT:
0.21860 4.21519 0.53473
0.01063 -0.00304 0.99994
0.63586 0.88626
WEIGHTS: None

VERT:
-0.15498 4.69148 0.54015
0.01063 -0.00304 0.99994
0.66792 0.92205
WEIGHTS: None

VERT:
-0.29141 4.21519 0.54015
0.01063 -0.00304 0.99994
0.67654 0.88365
WEIGHTS: None

VERT:
-0.26535 3.44455 0.62155
-0.81493 0.03033 0.57877
0.02668 0.82561
WEIGHTS: None

VERT:
-0.69018 4.21519 -0.01701
-0.81493 0.03033 0.57877
0.07477 0.89489
WEIGHTS: None

VERT:
-0.55391 -0.24778 0.40873
-0.81493 0.03033 0.57877
0.06103 0.54046
WEIGHTS: None

VERT:
0.60060 4.21519 0.23052
0.80999 0.08862 0.57971
0.27092 0.88386
WEIGHTS: None

VERT:
0.47978 4.73657 0.31962
0.80999 0.08862 0.57971
0.28150 0.92584
WEIGHTS: None

VERT:
0.43363 4.21519 0.46380
0.80999 0.08862 0.57971
0.29125 0.88567
WEIGHTS: None

VERT:
0.43363 4.21519 0.46380
0.31306 0.03425 0.94912
0.61887 0.88804
WEIGHTS: None

VERT:
0.21860 4.21519 0.53473
0.31306 0.03425 0.94912
0.63586 0.88626
WEIGHTS: None

VERT:
-0.11283 3.44454 0.67186
0.31306 0.03425 0.94912
0.65831 0.82221
WEIGHTS: None

VERT:
0.33751 4.21519 -0.52953
0.80999 0.08862 -0.57971
0.21381 0.89460
WEIGHTS: None

VERT:
0.41022 5.03673 -0.30234
0.80999 0.08862 -0.57971
0.23437 0.95472
WEIGHTS: None

VERT:
0.60060 4.21519 -0.16194
0.80999 0.08862 -0.57971
0.23990 0.88661
WEIGHTS: None

VERT:
0.60060 4.21519 -0.16194
0.99943 0.03379 0.00000
0.23990 0.88661
WEIGHTS: None

VERT:
0.60060 4.21519 0.23052
0.99943 0.03379 0.00000
0.27092 0.88386
WEIGHTS: None

VERT:
0.62912 3.37159 0.31963
0.99943 0.03379 0.00000
0.27413 0.81774
WEIGHTS: None

VERT:
0.35670 5.26771 0.22885
0.30494 0.22867 0.92451
0.63057 0.97332
WEIGHTS: None

VERT:
-0.00663 5.26771 0.34869
0.30494 0.22867 0.92451
0.65927 0.97031
WEIGHTS: None

VERT:
-0.13089 4.96371 0.46487
0.30494 0.22867 0.92451
0.66747 0.94447
WEIGHTS: None

VERT:
0.24383 -0.24778 -0.70588
-0.31309 -0.03094 -0.94922
0.79448 0.55646
WEIGHTS: None

VERT:
-0.21813 3.95259 -0.69039
-0.31309 -0.03094 -0.94922
0.74114 0.86069
WEIGHTS: None

VERT:
-0.17119 3.95259 -0.70588
-0.31309 -0.03094 -0.94922
0.74494 0.86042
WEIGHTS: None

VERT:
-0.01594 5.04806 -0.44011
-0.08584 0.49920 -0.86223
0.75208 0.94967
WEIGHTS: None

VERT:
-0.04325 5.26771 -0.31022
-0.08584 0.49920 -0.86223
0.74857 0.96976
WEIGHTS: None

VERT:
0.15369 5.26771 -0.32983
-0.08584 0.49920 -0.86223
0.76436 0.97012
WEIGHTS: None

VERT:
-0.27158 5.26771 -0.18066
-0.44954 0.41261 -0.79226
0.72989 0.97283
WEIGHTS: None

VERT:
-0.01594 5.04806 -0.44011
-0.44954 0.41261 -0.79226
0.75208 0.94967
WEIGHTS: None

VERT:
-0.16741 4.55105 -0.61300
-0.44954 0.41261 -0.79226
0.74256 0.90707
WEIGHTS: None

VERT:
-0.13089 4.96371 0.46487
-0.28117 0.44071 0.85248
0.66747 0.94447
WEIGHTS: None

VERT:
-0.00663 5.26771 0.34869
-0.28117 0.44071 0.85248
0.65927 0.97031
WEIGHTS: None

VERT:
-0.16415 5.26771 0.29674
-0.28117 0.44071 0.85248
0.67196 0.97004
WEIGHTS: None

VERT:
-0.00663 5.26771 0.34869
-0.00000 1.00000 0.00000
0.21235 0.09190
WEIGHTS: None

VERT:
0.35670 5.26771 0.22885
-0.00000 1.00000 0.00000
0.21235 0.12244
WEIGHTS: None

VERT:
-0.04325 5.26771 -0.31022
-0.00000 1.00000 0.00000
0.26323 0.10545
WEIGHTS: None

VERT:
-0.22843 4.21519 -0.66216
-0.31198 0.08936 -0.94588
0.73919 0.88069
WEIGHTS: None

VERT:
-0.18315 4.37330 -0.66215
-0.31198 0.08936 -0.94588
0.74218 0.89244
WEIGHTS: None

VERT:
-0.14651 4.21519 -0.68918
-0.31198 0.08936 -0.94588
0.74582 0.88022
WEIGHTS: None

VERT:
-0.17119 3.95259 -0.70588
0.31160 0.03409 -0.94960
0.74494 0.86042
WEIGHTS: None

VERT:
0.33751 4.21519 -0.52953
0.31160 0.03409 -0.94960
0.78386 0.88786
WEIGHTS: None

VERT:
0.48294 2.88592 -0.52953
0.31160 0.03409 -0.94960
0.80066 0.79174
WEIGHTS: None

VERT:
-0.26311 -0.63816 -0.22828
-0.80195 -0.59739 0.00000
0.11320 0.50836
WEIGHTS: None

VERT:
-0.26311 -0.63816 0.19426
-0.80195 -0.59739 0.00000
0.07948 0.50657
WEIGHTS: None

VERT:
-0.55391 -0.24778 0.40873
-0.80195 -0.59739 0.00000
0.06103 0.54046
WEIGHTS: None

VERT:
0.13276 -0.63816 0.32483
0.65093 -0.59937 0.46589
0.23201 0.21572
WEIGHTS: None

VERT:
0.37742 -0.63816 -0.01701
0.65093 -0.59937 0.46589
0.26383 0.22656
WEIGHTS: None

VERT:
0.73687 -0.24778 -0.01701
0.65093 -0.59937 0.46589
0.28720 0.20983
WEIGHTS: None

VERT:
0.13276 -0.63816 -0.35885
-0.24998 -0.60260 -0.75788
0.26383 0.26017
WEIGHTS: None

VERT:
-0.26311 -0.63816 -0.22828
-0.24998 -0.60260 -0.75788
0.23201 0.27011
WEIGHTS: None

VERT:
-0.55391 -0.24778 -0.44275
-0.24998 -0.60260 -0.75788
0.22308 0.29758
WEIGHTS: None

VERT:
0.13276 -0.63816 0.32483
-0.24998 -0.60260 0.75788
0.62009 0.50360
WEIGHTS: None

VERT:
0.24383 -0.24778 0.67186
-0.24998 -0.60260 0.75788
0.61227 0.53163
WEIGHTS: None

VERT:
-0.55391 -0.24778 0.40873
-0.24998 -0.60260 0.75788
0.67654 0.53023
WEIGHTS: None

VERT:
-0.69018 4.21519 -0.01701
-0.81280 0.03068 -0.58174
0.07477 0.89489
WEIGHTS: None

VERT:
-0.22843 4.21519 -0.66216
-0.81280 0.03068 -0.58174
0.12554 0.89108
WEIGHTS: None

VERT:
-0.21813 3.95259 -0.69039
-0.81280 0.03068 -0.58174
0.12899 0.87042
WEIGHTS: None

VERT:
0.35670 5.26771 -0.26287
0.30495 0.22867 -0.92451
0.78031 0.97332
WEIGHTS: None

VERT:
0.41022 5.03673 -0.30234
0.30495 0.22867 -0.92451
0.78563 0.95548
WEIGHTS: None

VERT:
0.15369 5.26771 -0.32983
0.30495 0.22867 -0.92451
0.76436 0.97012
WEIGHTS: None

VERT:
0.41022 5.03673 -0.30234
0.30494 0.22867 -0.92451
0.78563 0.95548
WEIGHTS: None

VERT:
0.33751 4.21519 -0.52953
0.30494 0.22867 -0.92451
0.78386 0.88786
WEIGHTS: None

VERT:
-0.16741 4.55105 -0.61300
0.30494 0.22867 -0.92451
0.74256 0.90707
WEIGHTS: None

VERT:
-0.01594 5.04806 -0.44011
0.30494 0.22867 -0.92451
0.75208 0.94967
WEIGHTS: None

VERT:
0.41022 5.03673 -0.30234
0.30494 0.22867 -0.92451
0.78563 0.95548
WEIGHTS: None

VERT:
-0.16741 4.55105 -0.61300
0.30494 0.22867 -0.92451
0.74256 0.90707
WEIGHTS: None

VERT:
0.33751 4.21519 -0.52953
0.30494 0.22867 -0.92451
0.78386 0.88786
WEIGHTS: None

VERT:
-0.14651 4.21519 -0.68918
0.30494 0.22867 -0.92451
0.74582 0.88022
WEIGHTS: None

VERT:
-0.18315 4.37330 -0.66215
0.30494 0.22867 -0.92451
0.74218 0.89244
WEIGHTS: None

VERT:
-0.18315 4.37330 -0.66215
0.30494 0.22867 -0.92451
0.74218 0.89244
WEIGHTS: None

VERT:
-0.16741 4.55105 -0.61300
0.30494 0.22867 -0.92451
0.74256 0.90707
WEIGHTS: None

VERT:
0.33751 4.21519 -0.52953
0.30494 0.22867 -0.92451
0.78386 0.88786
WEIGHTS: None

VERT:
0.24383 -0.24778 -0.70588
0.81283 -0.02928 -0.58176
0.18234 0.55436
WEIGHTS: None

VERT:
0.48294 2.88592 -0.52953
0.81283 -0.02928 -0.58176
0.20663 0.78933
WEIGHTS: None

VERT:
0.64554 2.88592 -0.30235
0.81283 -0.02928 -0.58176
0.22275 0.78439
WEIGHTS: None

VERT:
0.73687 -0.24778 -0.01701
0.80786 -0.03069 0.58857
0.23123 0.53939
WEIGHTS: None

VERT:
0.62912 3.37159 0.31963
0.80786 -0.03069 0.58857
0.27413 0.81774
WEIGHTS: None

VERT:
0.47067 2.74733 0.50455
0.80786 -0.03069 0.58857
0.28794 0.77168
WEIGHTS: None

VERT:
-0.16741 4.55105 -0.61300
-0.79198 0.22685 -0.56684
0.11999 0.91639
WEIGHTS: None

VERT:
-0.18315 4.37330 -0.66215
-0.79198 0.22685 -0.56684
0.12475 0.90286
WEIGHTS: None

VERT:
-0.69018 4.21519 -0.01701
-0.79198 0.22685 -0.56684
0.07477 0.89489
WEIGHTS: None

VERT:
-0.18315 4.37330 -0.66215
-0.79198 0.22685 -0.56684
0.12475 0.90286
WEIGHTS: None

VERT:
-0.22843 4.21519 -0.66216
-0.79198 0.22685 -0.56684
0.12554 0.89108
WEIGHTS: None

VERT:
-0.69018 4.21519 -0.01701
-0.79198 0.22685 -0.56684
0.07477 0.89489
WEIGHTS: None

VERT:
-0.69018 4.21519 -0.01701
-0.79198 0.22685 -0.56684
0.07477 0.89489
WEIGHTS: None

VERT:
-0.38870 5.26772 -0.01701
-0.79198 0.22685 -0.56684
0.06948 0.97332
WEIGHTS: None

VERT:
-0.16741 4.55105 -0.61300
-0.79198 0.22685 -0.56684
0.11999 0.91639
WEIGHTS: None

VERT:
0.24383 -0.24778 0.67186
-0.31310 -0.03024 0.94924
0.61227 0.53163
WEIGHTS: None

VERT:
-0.11283 3.44454 0.67186
-0.31310 -0.03024 0.94924
0.65831 0.82221
WEIGHTS: None

VERT:
-0.26535 3.44455 0.62155
-0.31310 -0.03024 0.94924
0.67060 0.82195
WEIGHTS: None

VERT:
-0.38870 5.26772 -0.01701
-0.79198 0.22685 0.56684
0.06948 0.97332
WEIGHTS: None

VERT:
-0.69018 4.21519 -0.01701
-0.79198 0.22685 0.56684
0.07477 0.89489
WEIGHTS: None

VERT:
-0.15498 4.69148 0.54015
-0.79198 0.22685 0.56684
0.02729 0.92237
WEIGHTS: None

VERT:
-0.69018 4.21519 -0.01701
-0.79198 0.22685 0.56684
0.07477 0.89489
WEIGHTS: None

VERT:
-0.29141 4.21519 0.54015
-0.79198 0.22685 0.56684
0.02968 0.88688
WEIGHTS: None

VERT:
-0.15498 4.69148 0.54015
-0.79198 0.22685 0.56684
0.02729 0.92237
WEIGHTS: None

VERT:
-0.38870 5.26772 -0.01701
-0.79198 0.22685 0.56684
0.06948 0.97332
WEIGHTS: None

VERT:
-0.15498 4.69148 0.54015
-0.79198 0.22685 0.56684
0.02729 0.92237
WEIGHTS: None

VERT:
-0.13089 4.96371 0.46487
-0.79198 0.22685 0.56684
0.03201 0.94374
WEIGHTS: None

VERT:
0.35670 5.26771 0.22885
0.97419 0.22574 0.00000
0.27793 0.96988
WEIGHTS: None

VERT:
0.47978 4.73657 0.31962
0.97419 0.22574 0.00000
0.28150 0.92584
WEIGHTS: None

VERT:
0.41022 5.03673 -0.30234
0.97419 0.22574 0.00000
0.23437 0.95472
WEIGHTS: None

VERT:
0.47978 4.73657 0.31962
0.97419 0.22574 0.00000
0.28150 0.92584
WEIGHTS: None

VERT:
0.60060 4.21519 0.23052
0.97419 0.22574 0.00000
0.27092 0.88386
WEIGHTS: None

VERT:
0.60060 4.21519 -0.16194
0.97419 0.22574 0.00000
0.23990 0.88661
WEIGHTS: None

VERT:
0.41022 5.03673 -0.30234
0.97419 0.22574 -0.00000
0.23437 0.95472
WEIGHTS: None

VERT:
0.47978 4.73657 0.31962
0.97419 0.22574 -0.00000
0.28150 0.92584
WEIGHTS: None

VERT:
0.60060 4.21519 -0.16194
0.97419 0.22574 -0.00000
0.23990 0.88661
WEIGHTS: None

VERT:
0.13276 -0.63816 -0.35885
-0.00000 -1.00000 -0.00001
0.26383 0.26017
WEIGHTS: None

VERT:
0.37742 -0.63816 -0.01701
-0.00000 -1.00000 -0.00001
0.26383 0.22656
WEIGHTS: None

VERT:
-0.26311 -0.63816 -0.22828
-0.00000 -1.00000 -0.00001
0.23201 0.27011
WEIGHTS: None

VERT:
0.37742 -0.63816 -0.01701
-0.00000 -1.00000 0.00001
0.26383 0.22656
WEIGHTS: None

VERT:
0.13276 -0.63816 0.32483
-0.00000 -1.00000 0.00001
0.23201 0.21572
WEIGHTS: None

VERT:
-0.26311 -0.63816 0.19426
-0.00000 -1.00000 0.00001
0.21235 0.24263
WEIGHTS: None

VERT:
0.13276 -0.63816 -0.35885
0.65093 -0.59937 -0.46589
0.26383 0.26017
WEIGHTS: None

VERT:
0.24383 -0.24778 -0.70588
0.65093 -0.59937 -0.46589
0.28720 0.27757
WEIGHTS: None

VERT:
0.73687 -0.24778 -0.01701
0.65093 -0.59937 -0.46589
0.28720 0.20983
WEIGHTS: None

VERT:
-0.29141 4.21519 0.54015
-0.31198 0.08936 0.94588
0.67654 0.88365
WEIGHTS: None

VERT:
-0.26535 3.44455 0.62155
-0.31198 0.08936 0.94588
0.67060 0.82195
WEIGHTS: None

VERT:
-0.11283 3.44454 0.67186
-0.31198 0.08936 0.94588
0.65831 0.82221
WEIGHTS: None

VERT:
-0.11283 3.44454 0.67186
0.01047 0.17081 0.98525
0.65831 0.82221
WEIGHTS: None

VERT:
0.21860 4.21519 0.53473
0.01047 0.17081 0.98525
0.63586 0.88626
WEIGHTS: None

VERT:
-0.29141 4.21519 0.54015
0.01047 0.17081 0.98525
0.67654 0.88365
WEIGHTS: None

VERT:
-0.26535 3.44455 0.62155
-0.81271 0.03396 0.58168
0.02668 0.82561
WEIGHTS: None

VERT:
-0.29141 4.21519 0.54015
-0.81271 0.03396 0.58168
0.02968 0.88688
WEIGHTS: None

VERT:
-0.69018 4.21519 -0.01701
-0.81271 0.03396 0.58168
0.07477 0.89489
WEIGHTS: None

VERT:
0.43363 4.21519 0.46380
0.69284 0.03748 0.72012
0.29125 0.88567
WEIGHTS: None

VERT:
0.47067 2.74733 0.50455
0.69284 0.03748 0.72012
0.28794 0.77168
WEIGHTS: None

VERT:
0.62912 3.37159 0.31963
0.69284 0.03748 0.72012
0.27413 0.81774
WEIGHTS: None

VERT:
0.62912 3.37159 0.31963
0.80999 0.08862 0.57971
0.27413 0.81774
WEIGHTS: None

VERT:
0.60060 4.21519 0.23052
0.80999 0.08862 0.57971
0.27092 0.88386
WEIGHTS: None

VERT:
0.43363 4.21519 0.46380
0.80999 0.08862 0.57971
0.29125 0.88567
WEIGHTS: None

VERT:
-0.11283 3.44454 0.67186
0.30821 0.02977 0.95085
0.65831 0.82221
WEIGHTS: None

VERT:
0.24383 -0.24778 0.67186
0.30821 0.02977 0.95085
0.61227 0.53163
WEIGHTS: None

VERT:
0.47067 2.74733 0.50455
0.30821 0.02977 0.95085
0.60883 0.77159
WEIGHTS: None

VERT:
0.47067 2.74733 0.50455
0.31306 0.03425 0.94912
0.60883 0.77159
WEIGHTS: None

VERT:
0.43363 4.21519 0.46380
0.31306 0.03425 0.94912
0.61887 0.88804
WEIGHTS: None

VERT:
-0.11283 3.44454 0.67186
0.31306 0.03425 0.94912
0.65831 0.82221
WEIGHTS: None

VERT:
0.60060 4.21519 -0.16194
0.80999 0.08862 -0.57971
0.23990 0.88661
WEIGHTS: None

VERT:
0.64554 2.88592 -0.30235
0.80999 0.08862 -0.57971
0.22275 0.78439
WEIGHTS: None

VERT:
0.33751 4.21519 -0.52953
0.80999 0.08862 -0.57971
0.21381 0.89460
WEIGHTS: None

VERT:
0.64554 2.88592 -0.30235
0.80998 0.08862 -0.57972
0.22275 0.78439
WEIGHTS: None

VERT:
0.48294 2.88592 -0.52953
0.80998 0.08862 -0.57972
0.20663 0.78933
WEIGHTS: None

VERT:
0.33751 4.21519 -0.52953
0.80998 0.08862 -0.57972
0.21381 0.89460
WEIGHTS: None

VERT:
0.62912 3.37159 0.31963
0.99956 0.02944 0.00340
0.27413 0.81774
WEIGHTS: None

VERT:
0.73687 -0.24778 -0.01701
0.99956 0.02944 0.00340
0.23123 0.53939
WEIGHTS: None

VERT:
0.64554 2.88592 -0.30235
0.99956 0.02944 0.00340
0.22275 0.78439
WEIGHTS: None

VERT:
0.64554 2.88592 -0.30235
0.99943 0.03379 -0.00000
0.22275 0.78439
WEIGHTS: None

VERT:
0.60060 4.21519 -0.16194
0.99943 0.03379 -0.00000
0.23990 0.88661
WEIGHTS: None

VERT:
0.62912 3.37159 0.31963
0.99943 0.03379 -0.00000
0.27413 0.81774
WEIGHTS: None

VERT:
-0.13089 4.96371 0.46487
0.30494 0.22867 0.92451
0.66747 0.94447
WEIGHTS: None

VERT:
-0.15498 4.69148 0.54015
0.30494 0.22867 0.92451
0.66792 0.92205
WEIGHTS: None

VERT:
0.47978 4.73657 0.31962
0.30494 0.22867 0.92451
0.61801 0.93098
WEIGHTS: None

VERT:
-0.15498 4.69148 0.54015
0.30494 0.22867 0.92451
0.66792 0.92205
WEIGHTS: None

VERT:
0.21860 4.21519 0.53473
0.30494 0.22867 0.92451
0.63586 0.88626
WEIGHTS: None

VERT:
0.47978 4.73657 0.31962
0.30494 0.22867 0.92451
0.61801 0.93098
WEIGHTS: None

VERT:
0.21860 4.21519 0.53473
0.30494 0.22867 0.92451
0.63586 0.88626
WEIGHTS: None

VERT:
0.43363 4.21519 0.46380
0.30494 0.22867 0.92451
0.61887 0.88804
WEIGHTS: None

VERT:
0.47978 4.73657 0.31962
0.30494 0.22867 0.92451
0.61801 0.93098
WEIGHTS: None

VERT:
0.47978 4.73657 0.31962
0.30494 0.22867 0.92451
0.61801 0.93098
WEIGHTS: None

VERT:
0.35670 5.26771 0.22885
0.30494 0.22867 0.92451
0.63057 0.97332
WEIGHTS: None

VERT:
-0.13089 4.96371 0.46487
0.30494 0.22867 0.92451
0.66747 0.94447
WEIGHTS: None

VERT:
0.24383 -0.24778 -0.70588
-0.31309 -0.03094 -0.94922
0.79448 0.55646
WEIGHTS: None

VERT:
-0.55391 -0.24778 -0.44275
-0.31309 -0.03094 -0.94922
0.72989 0.56100
WEIGHTS: None

VERT:
-0.21813 3.95259 -0.69039
-0.31309 -0.03094 -0.94922
0.74114 0.86069
WEIGHTS: None

VERT:
-0.27158 5.26771 -0.18066
-0.44954 0.41261 -0.79226
0.72989 0.97283
WEIGHTS: None

VERT:
-0.04325 5.26771 -0.31022
-0.44954 0.41261 -0.79226
0.74857 0.96976
WEIGHTS: None

VERT:
-0.01594 5.04806 -0.44011
-0.44954 0.41261 -0.79226
0.75208 0.94967
WEIGHTS: None

VERT:
0.35670 5.26771 -0.26287
-0.00000 1.00000 0.00000
0.24963 0.13463
WEIGHTS: None

VERT:
0.15369 5.26771 -0.32983
-0.00000 1.00000 0.00000
0.25979 0.12089
WEIGHTS: None

VERT:
0.35670 5.26771 0.22885
-0.00000 1.00000 0.00000
0.21235 0.12244
WEIGHTS: None

VERT:
0.15369 5.26771 -0.32983
0.00001 1.00000 -0.00000
0.25979 0.12089
WEIGHTS: None

VERT:
-0.04325 5.26771 -0.31022
0.00001 1.00000 -0.00000
0.26323 0.10545
WEIGHTS: None

VERT:
0.35670 5.26771 0.22885
0.00001 1.00000 -0.00000
0.21235 0.12244
WEIGHTS: None

VERT:
-0.04325 5.26771 -0.31022
0.00002 1.00000 0.00000
0.26323 0.10545
WEIGHTS: None

VERT:
-0.27158 5.26771 -0.18066
0.00002 1.00000 0.00000
0.25912 0.08491
WEIGHTS: None

VERT:
-0.16415 5.26771 0.29674
0.00002 1.00000 0.00000
0.22023 0.08123
WEIGHTS: None

VERT:
-0.27158 5.26771 -0.18066
0.00004 1.00000 0.00000
0.25912 0.08491
WEIGHTS: None

VERT:
-0.38870 5.26772 -0.01701
0.00004 1.00000 0.00000
0.24964 0.07197
WEIGHTS: None

VERT:
-0.16415 5.26771 0.29674
0.00004 1.00000 0.00000
0.22023 0.08123
WEIGHTS: None

VERT:
-0.04325 5.26771 -0.31022
0.00001 1.00000 0.00000
0.26323 0.10545
WEIGHTS: None

VERT:
-0.16415 5.26771 0.29674
0.00001 1.00000 0.00000
0.22023 0.08123
WEIGHTS: None

VERT:
-0.00663 5.26771 0.34869
0.00001 1.00000 0.00000
0.21235 0.09190
WEIGHTS: None

VERT:
-0.14651 4.21519 -0.68918
-0.31198 0.08948 -0.94587
0.74582 0.88022
WEIGHTS: None

VERT:
-0.17119 3.95259 -0.70588
-0.31198 0.08948 -0.94587
0.74494 0.86042
WEIGHTS: None

VERT:
-0.21813 3.95259 -0.69039
-0.31198 0.08948 -0.94587
0.74114 0.86069
WEIGHTS: None

VERT:
-0.21813 3.95259 -0.69039
-0.31197 0.08948 -0.94587
0.74114 0.86069
WEIGHTS: None

VERT:
-0.22843 4.21519 -0.66216
-0.31197 0.08948 -0.94587
0.73919 0.88069
WEIGHTS: None

VERT:
-0.14651 4.21519 -0.68918
-0.31197 0.08948 -0.94587
0.74582 0.88022
WEIGHTS: None

VERT:
0.48294 2.88592 -0.52953
0.30582 0.03022 -0.95161
0.80066 0.79174
WEIGHTS: None

VERT:
0.24383 -0.24778 -0.70588
0.30582 0.03022 -0.95161
0.79448 0.55646
WEIGHTS: None

VERT:
-0.17119 3.95259 -0.70588
0.30582 0.03022 -0.95161
0.74494 0.86042
WEIGHTS: None

VERT:
-0.17119 3.95259 -0.70588
0.31309 0.03094 -0.94922
0.74494 0.86042
WEIGHTS: None

VERT:
-0.14651 4.21519 -0.68918
0.31309 0.03094 -0.94922
0.74582 0.88022
WEIGHTS: None

VERT:
0.33751 4.21519 -0.52953
0.31309 0.03094 -0.94922
0.78386 0.88786
WEIGHTS: None

INDEX_COUNT: 528
0 1 2 3 4 5 6 7 8 9 10 11 12 13 14 15 16 17 18 19 20 21 22 23 24 25 26 27 28 29 30 31 32 33 34 35 36 37 38 39 40 41 42 43 44 45 46 47 48 49 50 51 52 53 54 55 56 57 58 59 60 61 62 63 64 65 66 67 68 69 70 71 72 73 74 75 76 77 78 79 80 81 82 83 84 85 86 87 88 89 90 91 92 93 94 95 96 97 98 99 100 101 102 103 104 105 106 107 108 109 110 111 112 113 114 115 116 117 118 119 120 121 122 123 124 125 126 127 128 129 130 131 132 133 134 135 136 137 138 139 140 141 142 143 144 145 146 147 148 149 150 151 152 153 154 155 156 157 158 159 160 161 162 163 164 165 166 167 168 169 170 171 172 173 174 175 176 177 178 179 180 181 182 183 184 185 186 187 188 189 190 191 192 193 194 195 196 197 198 199 200 201 202 203 204 205 206 207 208 209 210 211 212 213 214 215 216 217 218 219 220 221 222 223 224 225 226 227 228 229 230 231 232 233 234 235 236 237 238 239 240 241 242 243 244 245 246 247 248 249 250 251 252 253 254 255 256 257 258 259 260 261 262 263 264 265 266 267 268 269 270 271 272 273 274 275 276 277 278 279 280 281 282 283 284 285 286 287 288 289 290 291 292 293 294 295 296 297 298 299 300 301 302 303 304 305 306 307 308 309 310 311 312 313 314 315 316 317 318 319 320 321 322 323 324 325 326 327 328 329 330 331 332 333 334 335 336 337 338 339 340 341 342 343 344 345 346 347 348 349 350 351 352 353 354 355 356 357 358 359 360 361 362 363 364 365 366 367 368 369 370 371 372 373 374 375 376 377 378 379 380 381 382 383 384 385 386 387 388 389 390 391 392 393 394 395 396 397 398 399 400 401 402 403 404 405 406 407 408 409 410 411 412 413 414 415 416 417 418 419 420 421 422 423 424 425 426 427 428 429 430 431 432 433 434 435 436 437 438 439 440 441 442 443 444 445 446 447 448 449 450 451 452 453 454 455 456 457 458 459 460 461 462 463 464 465 466 467 468 469 470 471 472 473 474 475 476 477 478 479 480 481 482 483 484 485 486 487 488 489 490 491 492 493 494 495 496 497 498 499 500 501 502 503 504 505 506 507 508 509 510 511 512 513 514 515 516 517 518 519 520 521 522 523 524 525 526 527 

