MESH_NAME: Icosphere.001
TEXTURE_DIFFUSE: stonetex.png
VERTEX_COUNT: 288
VERT:
-0.20796 -1.98183 0.00000
-0.11454 -0.65889 -0.74347
0.02418 0.80769
WEIGHTS: None

VERT:
-1.30107 -1.06115 -0.64753
-0.11454 -0.65889 -0.74347
0.02418 0.97582
WEIGHTS: None

VERT:
-0.09333 -0.81952 -1.04773
-0.11454 -0.65889 -0.74347
0.17439 0.93365
WEIGHTS: None

VERT:
-1.30107 -1.06115 -0.64753
-0.66285 -0.74654 0.05750
0.81463 0.52349
WEIGHTS: None

VERT:
-0.20796 -1.98183 0.00000
-0.66285 -0.74654 0.05750
0.81463 0.33098
WEIGHTS: None

VERT:
-1.29189 -0.96802 0.66735
-0.66285 -0.74654 0.05750
0.64199 0.42243
WEIGHTS: None

VERT:
-0.20796 -1.98183 0.00000
0.74248 -0.48743 -0.45950
0.02418 0.80769
WEIGHTS: None

VERT:
-0.09333 -0.81952 -1.04773
0.74248 -0.48743 -0.45950
0.17439 0.93365
WEIGHTS: None

VERT:
0.65312 -0.67018 0.00000
0.74248 -0.48743 -0.45950
0.20899 0.74023
WEIGHTS: None

VERT:
-0.20796 -1.98183 0.00000
0.74248 -0.48743 0.45950
0.02418 0.80769
WEIGHTS: None

VERT:
0.65312 -0.67018 0.00000
0.74248 -0.48743 0.45950
0.20899 0.74023
WEIGHTS: None

VERT:
-0.09333 -0.81952 1.04773
0.74248 -0.48743 0.45950
0.08016 0.66286
WEIGHTS: None

VERT:
-0.20796 -1.98183 0.00000
-0.15438 -0.65308 0.74139
0.81463 0.33098
WEIGHTS: None

VERT:
-0.09333 -0.81952 1.04773
-0.15438 -0.65308 0.74139
0.64751 0.28908
WEIGHTS: None

VERT:
-1.29189 -0.96802 0.66735
-0.15438 -0.65308 0.74139
0.64199 0.42243
WEIGHTS: None

VERT:
-1.29189 -0.96802 0.66735
-0.95084 -0.30837 0.02848
0.64199 0.42243
WEIGHTS: None

VERT:
-1.84409 0.67304 0.00032
-0.95084 -0.30837 0.02848
0.64503 0.59001
WEIGHTS: None

VERT:
-1.30107 -1.06115 -0.64753
-0.95084 -0.30837 0.02848
0.81463 0.52349
WEIGHTS: None

VERT:
-0.09333 -0.81952 -1.04773
-0.27831 -0.17358 -0.94468
0.28010 0.56806
WEIGHTS: None

VERT:
-1.15557 0.41410 -0.96146
-0.27831 -0.17358 -0.94468
0.17593 0.45667
WEIGHTS: None

VERT:
-0.89521 0.46619 -1.04773
-0.27831 -0.17358 -0.94468
0.17593 0.49892
WEIGHTS: None

VERT:
-0.55789 1.60866 0.26246
0.64420 0.76485 -0.00000
0.52619 0.57725
WEIGHTS: None

VERT:
0.09217 1.06115 -0.33847
0.64420 0.76485 -0.00000
0.40815 0.51885
WEIGHTS: None

VERT:
-0.55789 1.60866 -0.26246
0.64420 0.76485 -0.00000
0.45053 0.60188
WEIGHTS: None

VERT:
-0.40964 0.99417 0.78940
0.32649 0.16581 0.93054
0.35937 0.80756
WEIGHTS: None

VERT:
-0.74436 0.89379 0.92472
0.32649 0.16581 0.93054
0.39980 0.79916
WEIGHTS: None

VERT:
-0.80138 0.31574 1.04773
0.32649 0.16581 0.93054
0.43716 0.75168
WEIGHTS: None

VERT:
-1.04741 1.51073 -0.42467
0.11454 0.65889 -0.74347
0.04620 0.47448
WEIGHTS: None

VERT:
-0.55789 1.60866 -0.26246
0.11454 0.65889 -0.74347
0.02418 0.53493
WEIGHTS: None

VERT:
-0.19605 1.00349 -0.74304
0.11454 0.65889 -0.74347
0.10593 0.59347
WEIGHTS: None

VERT:
0.65312 -0.67018 0.00000
0.81065 0.04429 -0.58385
0.20899 0.74023
WEIGHTS: None

VERT:
0.04790 0.61234 -0.74303
0.81065 0.04429 -0.58385
0.28769 0.88265
WEIGHTS: None

VERT:
0.22604 0.64798 -0.49300
0.81065 0.04429 -0.58385
0.29594 0.83649
WEIGHTS: None

VERT:
-1.33705 1.46790 0.02667
-0.75757 0.48175 -0.44046
0.02418 0.40639
WEIGHTS: None

VERT:
-1.04741 1.51073 -0.42467
-0.75757 0.48175 -0.44046
0.04620 0.47448
WEIGHTS: None

VERT:
-1.27649 0.78733 -0.82187
-0.75757 0.48175 -0.44046
0.13558 0.44370
WEIGHTS: None

VERT:
0.65312 -0.67018 0.00000
0.81065 0.04429 0.58385
0.40995 0.34690
WEIGHTS: None

VERT:
0.00856 0.21347 0.82791
0.81065 0.04429 0.58385
0.56582 0.41594
WEIGHTS: None

VERT:
-0.09333 -0.81952 1.04773
0.81065 0.04429 0.58385
0.58477 0.34690
WEIGHTS: None

VERT:
-0.40964 0.99417 0.78940
0.69258 0.40059 0.59989
0.58841 0.50437
WEIGHTS: None

VERT:
0.00856 0.21347 0.82791
0.69258 0.40059 0.59989
0.56582 0.41594
WEIGHTS: None

VERT:
0.29450 0.46640 0.32889
0.69258 0.40059 0.59989
0.48246 0.43428
WEIGHTS: None

VERT:
-0.40964 0.99417 0.78940
0.10988 0.66216 0.74127
0.35937 0.80756
WEIGHTS: None

VERT:
-0.55789 1.60866 0.26246
0.10988 0.66216 0.74127
0.35436 0.90065
WEIGHTS: None

VERT:
-1.08034 1.17677 0.72570
0.10988 0.66216 0.74127
0.43332 0.84875
WEIGHTS: None

VERT:
-1.33705 1.46790 0.02667
-0.17777 0.98407 -0.00000
0.47181 0.94112
WEIGHTS: None

VERT:
-0.55789 1.60866 0.26246
-0.17777 0.98407 -0.00000
0.35436 0.90065
WEIGHTS: None

VERT:
-0.55789 1.60866 -0.26246
-0.17777 0.98407 -0.00000
0.37071 0.94911
WEIGHTS: None

VERT:
-0.19605 1.00349 -0.74304
0.70167 0.43763 -0.56226
0.35903 0.55682
WEIGHTS: None

VERT:
-0.16870 1.28086 -0.49300
0.70167 0.43763 -0.56226
0.39849 0.56085
WEIGHTS: None

VERT:
0.09217 1.06115 -0.33847
0.70167 0.43763 -0.56226
0.40815 0.51885
WEIGHTS: None

VERT:
-0.89521 0.46619 -1.04773
0.27831 0.17358 -0.94468
0.17593 0.49892
WEIGHTS: None

VERT:
-0.19605 1.00349 -0.74304
0.27831 0.17358 -0.94468
0.10593 0.59347
WEIGHTS: None

VERT:
0.04790 0.61234 -0.74303
0.27831 0.17358 -0.94468
0.13762 0.61450
WEIGHTS: None

VERT:
-1.84409 0.67304 0.00032
-0.81852 -0.05120 -0.57219
0.11083 0.32441
WEIGHTS: None

VERT:
-1.27649 0.78733 -0.82187
-0.81852 -0.05120 -0.57219
0.13558 0.44370
WEIGHTS: None

VERT:
-1.15557 0.41410 -0.96146
-0.81852 -0.05120 -0.57219
0.17593 0.45667
WEIGHTS: None

VERT:
-0.80138 0.31574 1.04773
-0.34703 0.22783 0.90976
0.43716 0.75168
WEIGHTS: None

VERT:
-0.74436 0.89379 0.92472
-0.34703 0.22783 0.90976
0.39980 0.79916
WEIGHTS: None

VERT:
-1.08034 1.17677 0.72570
-0.34703 0.22783 0.90976
0.43332 0.84875
WEIGHTS: None

VERT:
-1.29189 -0.96802 0.66735
-0.27831 -0.17358 0.94468
0.58796 0.72012
WEIGHTS: None

VERT:
-0.80138 0.31574 1.04773
-0.27831 -0.17358 0.94468
0.43716 0.75168
WEIGHTS: None

VERT:
-1.17259 0.24148 0.92473
-0.27831 -0.17358 0.94468
0.49376 0.77193
WEIGHTS: None

VERT:
0.37343 -1.60808 0.00000
-0.36085 -0.56306 -0.74347
0.86431 0.46687
WEIGHTS: None

VERT:
-0.15517 -0.57515 -0.52572
-0.36085 -0.56306 -0.74347
0.97582 0.38831
WEIGHTS: None

VERT:
0.82481 -0.77416 -0.85064
-0.36085 -0.56306 -0.74347
0.86299 0.34366
WEIGHTS: None

VERT:
-0.15517 -0.57515 -0.52572
-0.90030 -0.43146 0.05750
0.97582 0.38831
WEIGHTS: None

VERT:
0.37343 -1.60808 0.00000
-0.90030 -0.43146 0.05750
0.86431 0.46687
WEIGHTS: None

VERT:
-0.11901 -0.50834 0.54181
-0.90030 -0.43146 0.05750
0.97571 0.55081
WEIGHTS: None

VERT:
0.37343 -1.60808 0.00000
0.49567 -0.73700 -0.45950
0.63632 0.71296
WEIGHTS: None

VERT:
0.82481 -0.77416 -0.85064
0.49567 -0.73700 -0.45950
0.63632 0.87754
WEIGHTS: None

VERT:
1.43049 -0.89717 0.00000
0.49567 -0.73700 -0.45950
0.78014 0.81424
WEIGHTS: None

VERT:
0.37343 -1.60808 0.00000
0.49567 -0.73700 0.45950
0.63632 0.71296
WEIGHTS: None

VERT:
1.43049 -0.89717 0.00000
0.49567 -0.73700 0.45950
0.78014 0.81424
WEIGHTS: None

VERT:
0.82481 -0.77416 0.85064
0.49567 -0.73700 0.45950
0.79773 0.70981
WEIGHTS: None

VERT:
0.37343 -1.60808 0.00000
-0.39533 -0.54227 0.74139
0.86431 0.46687
WEIGHTS: None

VERT:
0.82481 -0.77416 0.85064
-0.39533 -0.54227 0.74139
0.86299 0.60188
WEIGHTS: None

VERT:
-0.11901 -0.50834 0.54181
-0.39533 -0.54227 0.74139
0.97571 0.55081
WEIGHTS: None

VERT:
-0.11901 -0.50834 0.54181
-0.99617 0.08266 0.02857
0.46246 0.06521
WEIGHTS: None

VERT:
-0.01740 0.89868 0.01404
-0.99617 0.08266 0.02857
0.55882 0.18982
WEIGHTS: None

VERT:
-0.15517 -0.57515 -0.52572
-0.99617 0.08266 0.02857
0.56663 0.06077
WEIGHTS: None

VERT:
0.82481 -0.77416 -0.85064
-0.11850 0.01694 -0.99281
0.02418 0.11454
WEIGHTS: None

VERT:
0.41774 0.48329 -0.78060
-0.11850 0.01694 -0.99281
0.12572 0.15839
WEIGHTS: None

VERT:
0.73393 0.66401 -0.81525
-0.11850 0.01694 -0.99281
0.15172 0.11187
WEIGHTS: None

VERT:
1.24082 1.18941 0.21308
0.90560 0.42413 -0.00000
0.73886 0.15111
WEIGHTS: None

VERT:
1.56582 0.49548 -0.31624
0.90560 0.42413 -0.00000
0.65171 0.20030
WEIGHTS: None

VERT:
1.24082 1.18941 -0.21308
0.90560 0.42413 -0.00000
0.71891 0.21255
WEIGHTS: None

VERT:
1.22597 -0.03303 0.67217
0.32382 0.05220 0.94468
0.35883 0.24734
WEIGHTS: None

VERT:
0.87640 0.71299 0.75077
0.32382 0.05220 0.94468
0.41005 0.26766
WEIGHTS: None

VERT:
0.65191 0.29827 0.85064
0.32382 0.05220 0.94468
0.40192 0.21044
WEIGHTS: None

VERT:
0.84362 1.27008 -0.34478
0.36023 0.57677 -0.73320
0.23447 0.12430
WEIGHTS: None

VERT:
1.24082 1.18941 -0.21308
0.36023 0.57677 -0.73320
0.24848 0.08235
WEIGHTS: None

VERT:
1.40618 0.73647 -0.48815
0.36023 0.57677 -0.73320
0.19931 0.04916
WEIGHTS: None

VERT:
1.43049 -0.89717 0.00000
0.88932 -0.18171 -0.41962
0.78014 0.81424
WEIGHTS: None

VERT:
1.38088 0.25315 -0.60326
0.88932 -0.18171 -0.41962
0.75922 0.95259
WEIGHTS: None

VERT:
1.56582 0.49548 -0.31624
0.88932 -0.18171 -0.41962
0.81497 0.94811
WEIGHTS: None

VERT:
-0.01740 0.89868 0.01404
-0.48730 0.76299 -0.42472
0.18522 0.26758
WEIGHTS: None

VERT:
0.63153 1.33600 0.05512
-0.48730 0.76299 -0.42472
0.24848 0.18098
WEIGHTS: None

VERT:
0.55010 0.86603 -0.69572
-0.48730 0.76299 -0.42472
0.17095 0.14486
WEIGHTS: None

VERT:
1.43049 -0.89717 0.00000
0.76450 -0.27322 0.58385
0.78014 0.81424
WEIGHTS: None

VERT:
1.22597 -0.03303 0.67217
0.76450 -0.27322 0.58385
0.85253 0.79914
WEIGHTS: None

VERT:
0.82481 -0.77416 0.85064
0.76450 -0.27322 0.58385
0.79773 0.70981
WEIGHTS: None

VERT:
1.17847 0.76671 0.58196
-0.03574 0.66007 0.75035
0.87208 0.15178
WEIGHTS: None

VERT:
1.24082 1.18941 0.21308
-0.03574 0.66007 0.75035
0.83948 0.17765
WEIGHTS: None

VERT:
0.63153 1.33600 0.05512
-0.03574 0.66007 0.75035
0.87208 0.24072
WEIGHTS: None

VERT:
0.63153 1.33600 0.05512
0.23390 0.97226 -0.00000
0.79001 0.18863
WEIGHTS: None

VERT:
1.24082 1.18941 0.21308
0.23390 0.97226 -0.00000
0.73886 0.15111
WEIGHTS: None

VERT:
1.24082 1.18941 -0.21308
0.23390 0.97226 -0.00000
0.71891 0.21255
WEIGHTS: None

VERT:
0.73393 0.66401 -0.81525
0.41284 0.19051 -0.89066
0.15172 0.11187
WEIGHTS: None

VERT:
1.40618 0.73647 -0.48815
0.41284 0.19051 -0.89066
0.19931 0.04916
WEIGHTS: None

VERT:
1.38088 0.25315 -0.60326
0.41284 0.19051 -0.89066
0.14906 0.04683
WEIGHTS: None

VERT:
-0.01740 0.89868 0.01404
-0.71464 0.37768 -0.58876
0.18522 0.26758
WEIGHTS: None

VERT:
0.55010 0.86603 -0.69572
-0.71464 0.37768 -0.58876
0.17095 0.14486
WEIGHTS: None

VERT:
0.41774 0.48329 -0.78060
-0.71464 0.37768 -0.58876
0.12572 0.15839
WEIGHTS: None

VERT:
0.65191 0.29827 0.85064
-0.23167 0.34448 0.90976
0.40192 0.21044
WEIGHTS: None

VERT:
0.87640 0.71299 0.75077
-0.23167 0.34448 0.90976
0.41005 0.26766
WEIGHTS: None

VERT:
0.71393 1.03048 0.58918
-0.23167 0.34448 0.90976
0.45195 0.27569
WEIGHTS: None

VERT:
0.82481 -0.77416 0.85064
-0.32382 -0.05220 0.94468
0.34430 0.14508
WEIGHTS: None

VERT:
0.35071 0.35944 0.75077
-0.32382 -0.05220 0.94468
0.43880 0.18310
WEIGHTS: None

VERT:
-0.11901 -0.50834 0.54181
-0.32382 -0.05220 0.94468
0.46246 0.06521
WEIGHTS: None

VERT:
-0.09333 -0.81952 -1.04773
-0.27831 -0.17358 -0.94468
0.28010 0.56806
WEIGHTS: None

VERT:
-1.30107 -1.06115 -0.64753
-0.27831 -0.17358 -0.94468
0.28010 0.37207
WEIGHTS: None

VERT:
-1.15557 0.41410 -0.96146
-0.27831 -0.17358 -0.94468
0.17593 0.45667
WEIGHTS: None

VERT:
-0.55789 1.60866 0.26246
0.70497 0.55197 0.44535
0.52619 0.57725
WEIGHTS: None

VERT:
-0.40964 0.99417 0.78940
0.70497 0.55197 0.44535
0.58841 0.50437
WEIGHTS: None

VERT:
0.29450 0.46640 0.32889
0.70497 0.55197 0.44535
0.48246 0.43428
WEIGHTS: None

VERT:
0.29450 0.46640 0.32889
0.75895 0.58319 0.28964
0.48246 0.43428
WEIGHTS: None

VERT:
0.09217 1.06115 -0.33847
0.75895 0.58319 0.28964
0.40815 0.51885
WEIGHTS: None

VERT:
-0.55789 1.60866 0.26246
0.75895 0.58319 0.28964
0.52619 0.57725
WEIGHTS: None

VERT:
0.09217 1.06115 -0.33847
0.64420 0.76485 0.00000
0.40815 0.51885
WEIGHTS: None

VERT:
-0.16870 1.28086 -0.49300
0.64420 0.76485 0.00000
0.39849 0.56085
WEIGHTS: None

VERT:
-0.55789 1.60866 -0.26246
0.64420 0.76485 0.00000
0.45053 0.60188
WEIGHTS: None

VERT:
-0.80138 0.31574 1.04773
0.27831 0.17358 0.94468
0.43716 0.75168
WEIGHTS: None

VERT:
-0.09333 -0.81952 1.04773
0.27831 0.17358 0.94468
0.41106 0.65024
WEIGHTS: None

VERT:
0.00856 0.21347 0.82791
0.27831 0.17358 0.94468
0.34430 0.73508
WEIGHTS: None

VERT:
0.00856 0.21347 0.82791
0.27984 0.19627 0.93977
0.34430 0.73508
WEIGHTS: None

VERT:
-0.40964 0.99417 0.78940
0.27984 0.19627 0.93977
0.35937 0.80756
WEIGHTS: None

VERT:
-0.80138 0.31574 1.04773
0.27984 0.19627 0.93977
0.43716 0.75168
WEIGHTS: None

VERT:
-0.55789 1.60866 -0.26246
0.11454 0.65889 -0.74347
0.02418 0.53493
WEIGHTS: None

VERT:
-0.16870 1.28086 -0.49300
0.11454 0.65889 -0.74347
0.06536 0.59128
WEIGHTS: None

VERT:
-0.19605 1.00349 -0.74304
0.11454 0.65889 -0.74347
0.10593 0.59347
WEIGHTS: None

VERT:
-0.19605 1.00349 -0.74304
0.12811 0.67252 -0.72891
0.10593 0.59347
WEIGHTS: None

VERT:
-1.00829 0.99170 -0.89667
0.12811 0.67252 -0.72891
0.12056 0.49150
WEIGHTS: None

VERT:
-1.04741 1.51073 -0.42467
0.12811 0.67252 -0.72891
0.04620 0.47448
WEIGHTS: None

VERT:
0.65312 -0.67018 0.00000
0.81065 0.04429 -0.58385
0.20899 0.74023
WEIGHTS: None

VERT:
-0.09333 -0.81952 -1.04773
0.81065 0.04429 -0.58385
0.17439 0.93365
WEIGHTS: None

VERT:
0.04790 0.61234 -0.74303
0.81065 0.04429 -0.58385
0.28769 0.88265
WEIGHTS: None

VERT:
-1.84409 0.67304 0.00032
-0.82883 -0.05249 0.55703
0.58242 0.90675
WEIGHTS: None

VERT:
-1.29189 -0.96802 0.66735
-0.82883 -0.05249 0.55703
0.58796 0.72012
WEIGHTS: None

VERT:
-1.60395 0.72182 0.36225
-0.82883 -0.05249 0.55703
0.53952 0.87169
WEIGHTS: None

VERT:
-1.29189 -0.96802 0.66735
-0.81065 -0.04429 0.58385
0.58796 0.72012
WEIGHTS: None

VERT:
-1.17259 0.24148 0.92473
-0.81065 -0.04429 0.58385
0.49376 0.77193
WEIGHTS: None

VERT:
-1.60395 0.72182 0.36225
-0.81065 -0.04429 0.58385
0.53952 0.87169
WEIGHTS: None

VERT:
-1.04741 1.51073 -0.42467
-0.57549 0.52606 -0.62616
0.04620 0.47448
WEIGHTS: None

VERT:
-1.00829 0.99170 -0.89667
-0.57549 0.52606 -0.62616
0.12056 0.49150
WEIGHTS: None

VERT:
-1.27649 0.78733 -0.82187
-0.57549 0.52606 -0.62616
0.13558 0.44370
WEIGHTS: None

VERT:
-1.27649 0.78733 -0.82187
-0.74715 0.49145 -0.44749
0.13558 0.44370
WEIGHTS: None

VERT:
-1.84409 0.67304 0.00032
-0.74715 0.49145 -0.44749
0.11083 0.32441
WEIGHTS: None

VERT:
-1.33705 1.46790 0.02667
-0.74715 0.49145 -0.44749
0.02418 0.40639
WEIGHTS: None

VERT:
-1.33705 1.46790 0.02667
-0.76264 0.47183 0.44245
0.47181 0.94112
WEIGHTS: None

VERT:
-1.84409 0.67304 0.00032
-0.76264 0.47183 0.44245
0.58242 0.90675
WEIGHTS: None

VERT:
-1.60395 0.72182 0.36225
-0.76264 0.47183 0.44245
0.53952 0.87169
WEIGHTS: None

VERT:
-1.60395 0.72182 0.36225
-0.74176 0.47728 0.47117
0.53952 0.87169
WEIGHTS: None

VERT:
-1.08034 1.17677 0.72570
-0.74176 0.47728 0.47117
0.43332 0.84875
WEIGHTS: None

VERT:
-1.33705 1.46790 0.02667
-0.74176 0.47728 0.47117
0.47181 0.94112
WEIGHTS: None

VERT:
0.65312 -0.67018 0.00000
0.83753 0.10936 0.53533
0.40995 0.34690
WEIGHTS: None

VERT:
0.29450 0.46640 0.32889
0.83753 0.10936 0.53533
0.48246 0.43428
WEIGHTS: None

VERT:
0.00856 0.21347 0.82791
0.83753 0.10936 0.53533
0.56582 0.41594
WEIGHTS: None

VERT:
-1.33705 1.46790 0.02667
-0.29015 0.84093 0.45678
0.47181 0.94112
WEIGHTS: None

VERT:
-1.08034 1.17677 0.72570
-0.29015 0.84093 0.45678
0.43332 0.84875
WEIGHTS: None

VERT:
-0.55789 1.60866 0.26246
-0.29015 0.84093 0.45678
0.35436 0.90065
WEIGHTS: None

VERT:
-1.08034 1.17677 0.72570
0.10684 0.65373 0.74915
0.43332 0.84875
WEIGHTS: None

VERT:
-0.74436 0.89379 0.92472
0.10684 0.65373 0.74915
0.39980 0.79916
WEIGHTS: None

VERT:
-0.40964 0.99417 0.78940
0.10684 0.65373 0.74915
0.35937 0.80756
WEIGHTS: None

VERT:
-0.55789 1.60866 -0.26246
-0.18745 0.98190 -0.02714
0.37071 0.94911
WEIGHTS: None

VERT:
-1.04741 1.51073 -0.42467
-0.18745 0.98190 -0.02714
0.44535 0.97582
WEIGHTS: None

VERT:
-1.33705 1.46790 0.02667
-0.18745 0.98190 -0.02714
0.47181 0.94112
WEIGHTS: None

VERT:
0.09217 1.06115 -0.33847
0.70166 0.43764 -0.56227
0.40815 0.51885
WEIGHTS: None

VERT:
0.22604 0.64798 -0.49300
0.70166 0.43764 -0.56227
0.37466 0.48886
WEIGHTS: None

VERT:
0.04790 0.61234 -0.74303
0.70166 0.43764 -0.56227
0.34430 0.51232
WEIGHTS: None

VERT:
0.04790 0.61234 -0.74303
0.70167 0.43763 -0.56226
0.34430 0.51232
WEIGHTS: None

VERT:
-0.19605 1.00349 -0.74304
0.70167 0.43763 -0.56226
0.35903 0.55682
WEIGHTS: None

VERT:
0.09217 1.06115 -0.33847
0.70167 0.43763 -0.56226
0.40815 0.51885
WEIGHTS: None

VERT:
0.29450 0.46640 0.32889
0.95257 0.30408 -0.01217
0.48246 0.43428
WEIGHTS: None

VERT:
0.65312 -0.67018 0.00000
0.95257 0.30408 -0.01217
0.40995 0.34690
WEIGHTS: None

VERT:
0.22604 0.64798 -0.49300
0.95257 0.30408 -0.01217
0.37466 0.48886
WEIGHTS: None

VERT:
0.22604 0.64798 -0.49300
0.95013 0.31169 -0.01029
0.37466 0.48886
WEIGHTS: None

VERT:
0.09217 1.06115 -0.33847
0.95013 0.31169 -0.01029
0.40815 0.51885
WEIGHTS: None

VERT:
0.29450 0.46640 0.32889
0.95013 0.31169 -0.01029
0.48246 0.43428
WEIGHTS: None

VERT:
-1.00829 0.99170 -0.89667
-0.34292 0.19062 -0.91982
0.12056 0.49150
WEIGHTS: None

VERT:
-0.89521 0.46619 -1.04773
-0.34292 0.19062 -0.91982
0.17593 0.49892
WEIGHTS: None

VERT:
-1.15557 0.41410 -0.96146
-0.34292 0.19062 -0.91982
0.17593 0.45667
WEIGHTS: None

VERT:
-1.15557 0.41410 -0.96146
-0.40348 0.20296 -0.89219
0.17593 0.45667
WEIGHTS: None

VERT:
-1.27649 0.78733 -0.82187
-0.40348 0.20296 -0.89219
0.13558 0.44370
WEIGHTS: None

VERT:
-1.00829 0.99170 -0.89667
-0.40348 0.20296 -0.89219
0.12056 0.49150
WEIGHTS: None

VERT:
0.04790 0.61234 -0.74303
0.27831 0.17358 -0.94468
0.13762 0.61450
WEIGHTS: None

VERT:
-0.09333 -0.81952 -1.04773
0.27831 0.17358 -0.94468
0.28010 0.56806
WEIGHTS: None

VERT:
-0.89521 0.46619 -1.04773
0.27831 0.17358 -0.94468
0.17593 0.49892
WEIGHTS: None

VERT:
-0.89521 0.46619 -1.04773
0.17263 0.30626 -0.93617
0.17593 0.49892
WEIGHTS: None

VERT:
-1.00829 0.99170 -0.89667
0.17263 0.30626 -0.93617
0.12056 0.49150
WEIGHTS: None

VERT:
-0.19605 1.00349 -0.74304
0.17263 0.30626 -0.93617
0.10593 0.59347
WEIGHTS: None

VERT:
-1.15557 0.41410 -0.96146
-0.81767 -0.04154 -0.57418
0.17593 0.45667
WEIGHTS: None

VERT:
-1.30107 -1.06115 -0.64753
-0.81767 -0.04154 -0.57418
0.28010 0.37207
WEIGHTS: None

VERT:
-1.84409 0.67304 0.00032
-0.81767 -0.04154 -0.57418
0.11083 0.32441
WEIGHTS: None

VERT:
-1.60395 0.72182 0.36225
-0.67663 0.21650 0.70378
0.53952 0.87169
WEIGHTS: None

VERT:
-1.17259 0.24148 0.92473
-0.67663 0.21650 0.70378
0.49376 0.77193
WEIGHTS: None

VERT:
-1.08034 1.17677 0.72570
-0.67663 0.21650 0.70378
0.43332 0.84875
WEIGHTS: None

VERT:
-1.17259 0.24148 0.92473
-0.34703 0.22782 0.90976
0.49376 0.77193
WEIGHTS: None

VERT:
-0.80138 0.31574 1.04773
-0.34703 0.22782 0.90976
0.43716 0.75168
WEIGHTS: None

VERT:
-1.08034 1.17677 0.72570
-0.34703 0.22782 0.90976
0.43332 0.84875
WEIGHTS: None

VERT:
-1.29189 -0.96802 0.66735
-0.27831 -0.17358 0.94468
0.58796 0.72012
WEIGHTS: None

VERT:
-0.09333 -0.81952 1.04773
-0.27831 -0.17358 0.94468
0.41106 0.65024
WEIGHTS: None

VERT:
-0.80138 0.31574 1.04773
-0.27831 -0.17358 0.94468
0.43716 0.75168
WEIGHTS: None

VERT:
0.82481 -0.77416 -0.85064
-0.32382 -0.05220 -0.94468
0.02418 0.11454
WEIGHTS: None

VERT:
-0.15517 -0.57515 -0.52572
-0.32382 -0.05220 -0.94468
0.02418 0.26493
WEIGHTS: None

VERT:
0.41774 0.48329 -0.78060
-0.32382 -0.05220 -0.94468
0.12572 0.15839
WEIGHTS: None

VERT:
1.24082 1.18941 0.21308
0.87799 0.23460 0.41725
0.73886 0.15111
WEIGHTS: None

VERT:
1.17847 0.76671 0.58196
0.87799 0.23460 0.41725
0.73568 0.08994
WEIGHTS: None

VERT:
1.51988 0.06295 0.25925
0.87799 0.23460 0.41725
0.64743 0.11416
WEIGHTS: None

VERT:
1.51988 0.06295 0.25925
0.93560 0.24230 0.25680
0.64743 0.11416
WEIGHTS: None

VERT:
1.56582 0.49548 -0.31624
0.93560 0.24230 0.25680
0.65171 0.20030
WEIGHTS: None

VERT:
1.24082 1.18941 0.21308
0.93560 0.24230 0.25680
0.73886 0.15111
WEIGHTS: None

VERT:
1.56582 0.49548 -0.31624
0.87621 0.43970 -0.19731
0.65171 0.20030
WEIGHTS: None

VERT:
1.40618 0.73647 -0.48815
0.87621 0.43970 -0.19731
0.67165 0.22687
WEIGHTS: None

VERT:
1.24082 1.18941 -0.21308
0.87621 0.43970 -0.19731
0.71891 0.21255
WEIGHTS: None

VERT:
0.65191 0.29827 0.85064
0.32382 0.05220 0.94468
0.40192 0.21044
WEIGHTS: None

VERT:
0.82481 -0.77416 0.85064
0.32382 0.05220 0.94468
0.34430 0.14508
WEIGHTS: None

VERT:
1.22597 -0.03303 0.67217
0.32382 0.05220 0.94468
0.35883 0.24734
WEIGHTS: None

VERT:
1.22597 -0.03303 0.67217
0.46670 0.12646 0.87533
0.35883 0.24734
WEIGHTS: None

VERT:
1.17847 0.76671 0.58196
0.46670 0.12646 0.87533
0.39633 0.28987
WEIGHTS: None

VERT:
0.87640 0.71299 0.75077
0.46670 0.12646 0.87533
0.41005 0.26766
WEIGHTS: None

VERT:
1.40618 0.73647 -0.48815
0.31879 0.54453 -0.77580
0.19931 0.04916
WEIGHTS: None

VERT:
0.73393 0.66401 -0.81525
0.31879 0.54453 -0.77580
0.15172 0.11187
WEIGHTS: None

VERT:
0.84362 1.27008 -0.34478
0.31879 0.54453 -0.77580
0.23447 0.12430
WEIGHTS: None

VERT:
0.73393 0.66401 -0.81525
0.13442 0.59234 -0.79440
0.15172 0.11187
WEIGHTS: None

VERT:
0.55010 0.86603 -0.69572
0.13442 0.59234 -0.79440
0.17095 0.14486
WEIGHTS: None

VERT:
0.84362 1.27008 -0.34478
0.13442 0.59234 -0.79440
0.23447 0.12430
WEIGHTS: None

VERT:
1.43049 -0.89717 0.00000
0.76450 -0.27322 -0.58385
0.78014 0.81424
WEIGHTS: None

VERT:
0.82481 -0.77416 -0.85064
0.76450 -0.27322 -0.58385
0.63632 0.87754
WEIGHTS: None

VERT:
1.38088 0.25315 -0.60326
0.76450 -0.27322 -0.58385
0.75922 0.95259
WEIGHTS: None

VERT:
-0.11901 -0.50834 0.54181
-0.76514 0.27384 0.58273
0.46246 0.06521
WEIGHTS: None

VERT:
0.35071 0.35944 0.75077
-0.76514 0.27384 0.58273
0.43880 0.18310
WEIGHTS: None

VERT:
-0.01740 0.89868 0.01404
-0.76514 0.27384 0.58273
0.55882 0.18982
WEIGHTS: None

VERT:
0.84362 1.27008 -0.34478
-0.53489 0.74107 -0.40584
0.23447 0.12430
WEIGHTS: None

VERT:
0.55010 0.86603 -0.69572
-0.53489 0.74107 -0.40584
0.17095 0.14486
WEIGHTS: None

VERT:
0.63153 1.33600 0.05512
-0.53489 0.74107 -0.40584
0.24848 0.18098
WEIGHTS: None

VERT:
-0.01740 0.89868 0.01404
-0.50959 0.71061 0.48513
0.55882 0.18982
WEIGHTS: None

VERT:
0.71393 1.03048 0.58918
-0.50959 0.71061 0.48513
0.45195 0.27569
WEIGHTS: None

VERT:
0.63153 1.33600 0.05512
-0.50959 0.71061 0.48513
0.52242 0.29153
WEIGHTS: None

VERT:
1.43049 -0.89717 0.00000
0.81821 -0.21965 0.53132
0.78014 0.81424
WEIGHTS: None

VERT:
1.51988 0.06295 0.25925
0.81821 -0.21965 0.53132
0.84632 0.86208
WEIGHTS: None

VERT:
1.22597 -0.03303 0.67217
0.81821 -0.21965 0.53132
0.85253 0.79914
WEIGHTS: None

VERT:
1.17847 0.76671 0.58196
0.79662 0.11428 0.59357
0.73568 0.08994
WEIGHTS: None

VERT:
1.22597 -0.03303 0.67217
0.79662 0.11428 0.59357
0.68637 0.05434
WEIGHTS: None

VERT:
1.51988 0.06295 0.25925
0.79662 0.11428 0.59357
0.64743 0.11416
WEIGHTS: None

VERT:
0.63153 1.33600 0.05512
0.45995 0.79947 0.38638
0.79001 0.18863
WEIGHTS: None

VERT:
0.71393 1.03048 0.58918
0.45995 0.79947 0.38638
0.79112 0.10235
WEIGHTS: None

VERT:
1.17847 0.76671 0.58196
0.45995 0.79947 0.38638
0.73568 0.08994
WEIGHTS: None

VERT:
0.71393 1.03048 0.58918
0.32778 0.55636 0.76356
0.79112 0.10235
WEIGHTS: None

VERT:
0.87640 0.71299 0.75077
0.32778 0.55636 0.76356
0.76545 0.06812
WEIGHTS: None

VERT:
1.17847 0.76671 0.58196
0.32778 0.55636 0.76356
0.73568 0.08994
WEIGHTS: None

VERT:
1.24082 1.18941 -0.21308
0.21387 0.97571 -0.04741
0.71891 0.21255
WEIGHTS: None

VERT:
0.84362 1.27008 -0.34478
0.21387 0.97571 -0.04741
0.75121 0.24072
WEIGHTS: None

VERT:
0.63153 1.33600 0.05512
0.21387 0.97571 -0.04741
0.79001 0.18863
WEIGHTS: None

VERT:
1.56582 0.49548 -0.31624
0.79547 0.10068 -0.59758
0.81497 0.94811
WEIGHTS: None

VERT:
1.38088 0.25315 -0.60326
0.79547 0.10068 -0.59758
0.75922 0.95259
WEIGHTS: None

VERT:
1.40618 0.73647 -0.48815
0.79547 0.10068 -0.59758
0.78900 0.97537
WEIGHTS: None

VERT:
1.51988 0.06295 0.25925
0.99545 -0.09489 0.00815
0.84632 0.86208
WEIGHTS: None

VERT:
1.43049 -0.89717 0.00000
0.99545 -0.09489 0.00815
0.78014 0.81424
WEIGHTS: None

VERT:
1.56582 0.49548 -0.31624
0.99545 -0.09489 0.00815
0.81497 0.94811
WEIGHTS: None

VERT:
0.73393 0.66401 -0.81525
-0.26986 0.29647 -0.91612
0.15172 0.11187
WEIGHTS: None

VERT:
0.41774 0.48329 -0.78060
-0.26986 0.29647 -0.91612
0.12572 0.15839
WEIGHTS: None

VERT:
0.55010 0.86603 -0.69572
-0.26986 0.29647 -0.91612
0.17095 0.14486
WEIGHTS: None

VERT:
1.38088 0.25315 -0.60326
0.33643 0.04441 -0.94066
0.14906 0.04683
WEIGHTS: None

VERT:
0.82481 -0.77416 -0.85064
0.33643 0.04441 -0.94066
0.02418 0.11454
WEIGHTS: None

VERT:
0.73393 0.66401 -0.81525
0.33643 0.04441 -0.94066
0.15172 0.11187
WEIGHTS: None

VERT:
0.41774 0.48329 -0.78060
-0.77234 0.28086 -0.56975
0.12572 0.15839
WEIGHTS: None

VERT:
-0.15517 -0.57515 -0.52572
-0.77234 0.28086 -0.56975
0.02418 0.26493
WEIGHTS: None

VERT:
-0.01740 0.89868 0.01404
-0.77234 0.28086 -0.56975
0.18522 0.26758
WEIGHTS: None

VERT:
-0.01740 0.89868 0.01404
-0.59468 0.47762 0.64671
0.55882 0.18982
WEIGHTS: None

VERT:
0.35071 0.35944 0.75077
-0.59468 0.47762 0.64671
0.43880 0.18310
WEIGHTS: None

VERT:
0.71393 1.03048 0.58918
-0.59468 0.47762 0.64671
0.45195 0.27569
WEIGHTS: None

VERT:
0.35071 0.35944 0.75077
-0.23168 0.34448 0.90976
0.43880 0.18310
WEIGHTS: None

VERT:
0.65191 0.29827 0.85064
-0.23168 0.34448 0.90976
0.40192 0.21044
WEIGHTS: None

VERT:
0.71393 1.03048 0.58918
-0.23168 0.34448 0.90976
0.45195 0.27569
WEIGHTS: None

VERT:
0.82481 -0.77416 0.85064
-0.32382 -0.05220 0.94468
0.34430 0.14508
WEIGHTS: None

VERT:
0.65191 0.29827 0.85064
-0.32382 -0.05220 0.94468
0.40192 0.21044
WEIGHTS: None

VERT:
0.35071 0.35944 0.75077
-0.32382 -0.05220 0.94468
0.43880 0.18310
WEIGHTS: None

INDEX_COUNT: 288
0 1 2 3 4 5 6 7 8 9 10 11 12 13 14 15 16 17 18 19 20 21 22 23 24 25 26 27 28 29 30 31 32 33 34 35 36 37 38 39 40 41 42 43 44 45 46 47 48 49 50 51 52 53 54 55 56 57 58 59 60 61 62 63 64 65 66 67 68 69 70 71 72 73 74 75 76 77 78 79 80 81 82 83 84 85 86 87 88 89 90 91 92 93 94 95 96 97 98 99 100 101 102 103 104 105 106 107 108 109 110 111 112 113 114 115 116 117 118 119 120 121 122 123 124 125 126 127 128 129 130 131 132 133 134 135 136 137 138 139 140 141 142 143 144 145 146 147 148 149 150 151 152 153 154 155 156 157 158 159 160 161 162 163 164 165 166 167 168 169 170 171 172 173 174 175 176 177 178 179 180 181 182 183 184 185 186 187 188 189 190 191 192 193 194 195 196 197 198 199 200 201 202 203 204 205 206 207 208 209 210 211 212 213 214 215 216 217 218 219 220 221 222 223 224 225 226 227 228 229 230 231 232 233 234 235 236 237 238 239 240 241 242 243 244 245 246 247 248 249 250 251 252 253 254 255 256 257 258 259 260 261 262 263 264 265 266 267 268 269 270 271 272 273 274 275 276 277 278 279 280 281 282 283 284 285 286 287 

