# WiseModel 0.0.1
BONECOUNT: 34
FPS: 24
GLOBAL_TRANSFORM:
1.00000 -0.00000 0.00000 -0.00000
-0.00000 1.00000 -0.00000 0.00000
0.00000 -0.00000 1.00000 -0.00000
-0.00000 0.00000 -0.00000 1.00000

BONE_NAME: Bone
PARENT_INDEX: -1
OFFSET_MATRIX:
-1.00000 -0.00000 -0.00000 -0.00000
-0.00000 1.00000 -0.00000 0.00000
0.00000 -0.00000 -1.00000 -0.00000
-0.00000 -0.76805 -0.00000 1.00000

BONE_NAME: Bone.001
PARENT_INDEX: 0
OFFSET_MATRIX:
-1.00000 -0.00000 -0.00000 -0.00000
-0.00000 1.00000 -0.00000 0.00000
0.00000 -0.00000 -1.00000 -0.00000
-0.00000 -0.90512 -0.00000 1.00000

BONE_NAME: Bone.002
PARENT_INDEX: 1
OFFSET_MATRIX:
-1.00000 -0.00000 -0.00000 -0.00000
-0.00000 1.00000 -0.00000 0.00000
0.00000 -0.00000 -1.00000 -0.00000
-0.00000 -1.00795 -0.00000 1.00000

BONE_NAME: Bone.003
PARENT_INDEX: 2
OFFSET_MATRIX:
-1.00000 -0.00000 -0.00000 -0.00000
-0.00000 1.00000 -0.00000 0.00000
0.00000 -0.00000 -1.00000 -0.00000
-0.00000 -1.12830 -0.00000 1.00000

BONE_NAME: Bone.004
PARENT_INDEX: 3
OFFSET_MATRIX:
-1.00000 -0.00000 -0.00000 -0.00000
-0.00000 1.00000 -0.00000 0.00000
0.00000 -0.00000 -1.00000 -0.00000
-0.00000 -1.25019 -0.00000 1.00000

BONE_NAME: Bone.008
PARENT_INDEX: 4
OFFSET_MATRIX:
-1.00000 -0.00000 0.00000 -0.00000
-0.00000 1.00000 -0.00000 0.00000
-0.00000 -0.00000 -1.00000 0.00000
-0.00000 -1.37699 0.00000 1.00000

BONE_NAME: Bone.010
PARENT_INDEX: 5
OFFSET_MATRIX:
-1.00000 -0.00000 0.00000 -0.00000
-0.00000 1.00000 -0.00000 0.00000
-0.00000 -0.00000 -1.00000 0.00000
-0.00000 -1.54966 0.00000 1.00000

BONE_NAME: Bone.011
PARENT_INDEX: 6
OFFSET_MATRIX:
-1.00000 -0.00000 0.00000 -0.00000
-0.00000 1.00000 -0.00000 0.00000
-0.00000 -0.00000 -1.00000 0.00000
-0.00000 -1.59669 0.00000 1.00000

BONE_NAME: Bone.013
PARENT_INDEX: 7
OFFSET_MATRIX:
-1.00000 -0.00000 0.00000 -0.00000
-0.00000 1.00000 -0.00000 0.00000
-0.00000 -0.00000 -1.00000 0.00000
-0.00000 -1.63643 0.00000 1.00000

BONE_NAME: Bone.015
PARENT_INDEX: 8
OFFSET_MATRIX:
-1.00000 -0.00000 0.00000 -0.00000
-0.00000 1.00000 -0.00000 0.00000
-0.00000 -0.00000 -1.00000 0.00000
-0.00000 -1.67840 0.00000 1.00000

BONE_NAME: Bone.021.L
PARENT_INDEX: 5
OFFSET_MATRIX:
0.00000 -1.00000 0.00000 -0.00000
-1.00000 -0.00000 -0.00000 0.00000
0.00000 0.00000 -1.00000 -0.00000
1.46942 -0.19972 0.00000 1.00000

BONE_NAME: Bone.022.L
PARENT_INDEX: 10
OFFSET_MATRIX:
0.00000 -1.00000 0.00000 -0.00000
-1.00000 -0.00000 -0.00000 0.00000
0.00000 0.00000 -1.00000 -0.00000
1.46942 -0.28434 0.00000 1.00000

BONE_NAME: Bone.025.L
PARENT_INDEX: 11
OFFSET_MATRIX:
0.00000 -1.00000 0.00000 -0.00000
-0.00000 -0.00000 1.00000 0.00000
-1.00000 0.00000 -0.00000 -0.00000
0.00000 -0.38875 -1.46942 1.00000

BONE_NAME: Bone.026.L
PARENT_INDEX: 12
OFFSET_MATRIX:
0.00000 -1.00000 0.00000 -0.00000
0.00000 -0.00000 1.00000 0.00000
-1.00000 0.00000 0.00000 0.00000
-0.00000 -0.55249 -1.46942 1.00000

BONE_NAME: Bone.027.L
PARENT_INDEX: 13
OFFSET_MATRIX:
0.00000 -1.00000 0.00000 -0.00000
0.00000 -0.00000 1.00000 0.00000
-1.00000 0.00000 0.00000 0.00000
-0.00000 -0.62403 -1.46942 1.00000

BONE_NAME: Bone.028.L
PARENT_INDEX: 14
OFFSET_MATRIX:
0.00000 -1.00000 0.00000 -0.00000
0.00000 -0.00000 1.00000 0.00000
-1.00000 0.00000 0.00000 0.00000
-0.00000 -0.69477 -1.46942 1.00000

BONE_NAME: Bone.029.L
PARENT_INDEX: 15
OFFSET_MATRIX:
0.00000 -1.00000 0.00000 -0.00000
0.00000 -0.00000 1.00000 0.00000
-1.00000 0.00000 0.00000 0.00000
-0.00000 -0.88248 -1.46942 1.00000

BONE_NAME: Bone.021.R
PARENT_INDEX: 5
OFFSET_MATRIX:
0.00000 1.00000 0.00000 -0.00000
1.00000 -0.00000 -0.00000 0.00000
-0.00000 0.00000 -1.00000 -0.00000
-1.46942 -0.19972 0.00000 1.00000

BONE_NAME: Bone.022.R
PARENT_INDEX: 17
OFFSET_MATRIX:
0.00000 1.00000 0.00000 -0.00000
1.00000 -0.00000 -0.00000 0.00000
-0.00000 0.00000 -1.00000 -0.00000
-1.46942 -0.28434 0.00000 1.00000

BONE_NAME: Bone.025.R
PARENT_INDEX: 18
OFFSET_MATRIX:
0.00000 1.00000 0.00000 -0.00000
0.00000 -0.00000 1.00000 0.00000
1.00000 0.00000 -0.00000 -0.00000
-0.00000 -0.38875 -1.46942 1.00000

BONE_NAME: Bone.026.R
PARENT_INDEX: 19
OFFSET_MATRIX:
0.00000 1.00000 0.00000 -0.00000
-0.00000 -0.00000 1.00000 0.00000
1.00000 0.00000 0.00000 -0.00000
0.00000 -0.55249 -1.46942 1.00000

BONE_NAME: Bone.027.R
PARENT_INDEX: 20
OFFSET_MATRIX:
0.00000 1.00000 0.00000 -0.00000
-0.00000 -0.00000 1.00000 0.00000
1.00000 0.00000 0.00000 -0.00000
0.00000 -0.62403 -1.46942 1.00000

BONE_NAME: Bone.028.R
PARENT_INDEX: 21
OFFSET_MATRIX:
0.00000 1.00000 0.00000 -0.00000
-0.00000 -0.00000 1.00000 0.00000
1.00000 0.00000 0.00000 -0.00000
0.00000 -0.69477 -1.46942 1.00000

BONE_NAME: Bone.029.R
PARENT_INDEX: 22
OFFSET_MATRIX:
0.00000 1.00000 0.00000 -0.00000
-0.00000 -0.00000 1.00000 0.00000
1.00000 0.00000 0.00000 -0.00000
0.00000 -0.88248 -1.46942 1.00000

BONE_NAME: Bone.016.L
PARENT_INDEX: 0
OFFSET_MATRIX:
1.00000 -0.00000 -0.00000 -0.00000
-0.00000 -1.00000 -0.00000 0.00000
-0.00000 -0.00000 -1.00000 0.00000
0.12856 0.83127 -0.00000 1.00000

BONE_NAME: Bone.017.L
PARENT_INDEX: 24
OFFSET_MATRIX:
1.00000 -0.00000 -0.00000 -0.00000
-0.00000 -1.00000 -0.00000 0.00000
-0.00000 -0.00000 -1.00000 0.00000
0.12856 0.72843 -0.00000 1.00000

BONE_NAME: Bone.018.L
PARENT_INDEX: 25
OFFSET_MATRIX:
1.00000 -0.00000 -0.00000 -0.00000
-0.00000 -1.00000 -0.00000 0.00000
-0.00000 -0.00000 -1.00000 0.00000
0.12856 0.43176 -0.00000 1.00000

BONE_NAME: Bone.019.L
PARENT_INDEX: 26
OFFSET_MATRIX:
1.00000 -0.00000 -0.00000 -0.00000
-0.00000 -1.00000 -0.00000 0.00000
-0.00000 -0.00000 -1.00000 0.00000
0.12856 0.33208 -0.00000 1.00000

BONE_NAME: Bone.020.L
PARENT_INDEX: 27
OFFSET_MATRIX:
1.00000 -0.00000 -0.00000 -0.00000
-0.00000 -1.00000 -0.00000 0.00000
-0.00000 -0.00000 -1.00000 0.00000
0.12856 0.24189 -0.00000 1.00000

BONE_NAME: Bone.016.R
PARENT_INDEX: 0
OFFSET_MATRIX:
1.00000 0.00000 0.00000 -0.00000
0.00000 -0.99999 -0.00492 0.00000
0.00000 0.00492 -0.99999 -0.00000
-0.12856 0.83126 0.00409 1.00000

BONE_NAME: Bone.017.R
PARENT_INDEX: 29
OFFSET_MATRIX:
1.00000 -0.00000 0.00000 -0.00000
0.00000 -0.99999 -0.00492 0.00000
0.00000 0.00492 -0.99999 -0.00000
-0.12856 0.72843 0.00409 1.00000

BONE_NAME: Bone.018.R
PARENT_INDEX: 30
OFFSET_MATRIX:
1.00000 -0.00000 0.00000 -0.00000
0.00000 -0.99999 -0.00492 0.00000
0.00000 0.00492 -0.99999 -0.00000
-0.12856 0.43175 0.00409 1.00000

BONE_NAME: Bone.019.R
PARENT_INDEX: 31
OFFSET_MATRIX:
1.00000 0.00000 0.00000 -0.00000
0.00000 -0.99999 -0.00492 0.00000
0.00000 0.00492 -0.99999 -0.00000
-0.12856 0.33207 0.00409 1.00000

BONE_NAME: Bone.020.R
PARENT_INDEX: 32
OFFSET_MATRIX:
1.00000 0.00000 0.00000 -0.00000
0.00000 -0.99999 -0.00492 0.00000
0.00000 0.00492 -0.99999 -0.00000
-0.12856 0.24188 0.00409 1.00000

ANIMATION_NAME: Idle
DURATION: 0.41667

KEYFRAME: 0
TIMESTAMP: 0.00000
0.00000 0.76805 0.00000
-0.00000 -1.00000 -0.00000 0.00000
1.00000 1.00000 1.00000

0.00000 0.13707 0.00000
0.00000 0.00000 0.00000 1.00000
1.00000 1.00000 1.00000

0.00000 0.10283 0.00000
0.00000 0.00000 0.00000 1.00000
1.00000 1.00000 1.00000

0.00000 0.12035 0.00000
0.00000 0.00000 0.00000 1.00000
1.00000 1.00000 1.00000

0.00000 0.12189 0.00000
0.00000 0.00000 0.00000 1.00000
1.00000 1.00000 1.00000

0.00000 0.12681 0.00000
0.00000 -0.00000 0.00000 1.00000
1.00000 1.00000 1.00000

0.00000 0.17266 0.00000
0.00000 0.00000 0.00000 1.00000
1.00000 1.00000 1.00000

0.00000 0.04703 0.00000
0.00000 0.00000 0.00000 1.00000
1.00000 1.00000 1.00000

0.00000 0.03974 0.00000
0.00000 -0.00000 0.00000 1.00000
1.00000 1.00000 1.00000

0.00000 0.04197 0.00000
0.00000 0.00000 0.00000 1.00000
1.00000 1.00000 1.00000

0.19972 0.09243 -0.00000
0.00000 0.00000 -0.70711 0.70711
1.00000 1.00000 1.00000

0.00000 0.08462 -0.00000
0.00000 0.00000 0.00000 1.00000
1.00000 1.00000 1.00000

0.00000 0.10442 -0.00000
0.00000 -0.70711 0.00000 0.70711
1.00000 1.00000 1.00000

-0.00000 0.16374 -0.00000
-0.00000 -0.00000 0.00000 1.00000
1.00000 1.00000 1.00000

-0.00000 0.07154 0.00000
-0.00000 0.00000 -0.00000 1.00000
1.00000 1.00000 1.00000

-0.00000 0.07074 0.00000
-0.00000 0.00000 0.00000 1.00000
1.00000 1.00000 1.00000

-0.00000 0.18771 0.00000
-0.00000 0.00000 0.00000 1.00000
1.00000 1.00000 1.00000

-0.19972 0.09243 0.00000
0.00000 -0.00000 0.70711 0.70711
1.00000 1.00000 1.00000

-0.00000 0.08462 -0.00000
0.00000 0.00000 -0.00000 1.00000
1.00000 1.00000 1.00000

-0.00000 0.10442 -0.00000
0.00000 0.70711 0.00000 0.70711
1.00000 1.00000 1.00000

0.00000 0.16374 -0.00000
-0.00000 0.00000 -0.00000 1.00000
1.00000 1.00000 1.00000

0.00000 0.07154 0.00000
-0.00000 -0.00000 0.00000 1.00000
1.00000 1.00000 1.00000

0.00000 0.07074 0.00000
-0.00000 0.00000 0.00000 1.00000
1.00000 1.00000 1.00000

0.00000 0.18771 0.00000
-0.00000 0.00000 0.00000 1.00000
1.00000 1.00000 1.00000

0.12856 0.06322 0.00000
0.00000 0.00000 1.00000 0.00000
1.00000 1.00000 1.00000

-0.00000 0.10283 0.00000
0.00000 0.00000 0.00000 1.00000
1.00000 1.00000 1.00000

-0.00000 0.29667 0.00000
0.00000 -0.00000 0.00000 1.00000
1.00000 1.00000 1.00000

-0.00000 0.09968 0.00000
0.00000 -0.00000 0.00000 1.00000
1.00000 1.00000 1.00000

-0.00000 0.09019 0.00000
0.00000 0.00000 0.00000 1.00000
1.00000 1.00000 1.00000

-0.12856 0.06322 -0.00000
-0.00000 -0.00246 1.00000 0.00000
1.00000 1.00000 1.00000

0.00000 0.10283 0.00000
0.00000 -0.00000 0.00000 1.00000
1.00000 1.00000 1.00000

0.00000 0.29667 -0.00000
0.00000 0.00000 0.00000 1.00000
1.00000 1.00000 1.00000

0.00000 0.09968 -0.00000
-0.00000 -0.00000 -0.00000 1.00000
1.00000 1.00000 1.00000

-0.00000 0.09019 0.00000
0.00000 0.00000 0.00000 1.00000
1.00000 1.00000 1.00000

KEYFRAME: 1
TIMESTAMP: 0.04167
0.00000 0.76805 0.00000
-0.00000 -1.00000 -0.00000 0.00000
1.00000 1.00000 1.00000

0.00000 0.13707 0.00000
0.00000 0.00000 0.00000 1.00000
1.00000 1.00000 1.00000

0.00000 0.10283 0.00000
0.00000 0.00000 0.00000 1.00000
1.00000 1.00000 1.00000

0.00000 0.12035 0.00000
0.00000 0.00000 0.00000 1.00000
1.00000 1.00000 1.00000

0.00000 0.12189 0.00000
0.00000 0.00000 0.00000 1.00000
1.00000 1.00000 1.00000

0.00000 0.12681 0.00000
0.00000 -0.00000 0.00000 1.00000
1.00000 1.00000 1.00000

0.00000 0.17266 0.00000
0.00000 0.00000 0.00000 1.00000
1.00000 1.00000 1.00000

0.00000 0.04703 0.00000
0.00000 0.00000 0.00000 1.00000
1.00000 1.00000 1.00000

0.00000 0.03974 0.00000
0.00000 -0.00000 0.00000 1.00000
1.00000 1.00000 1.00000

0.00000 0.04197 0.00000
0.00000 0.00000 0.00000 1.00000
1.00000 1.00000 1.00000

0.19972 0.09243 -0.00000
0.00000 0.00000 -0.70711 0.70711
1.00000 1.00000 1.00000

0.00000 0.08462 -0.00000
0.00000 0.00000 -0.70711 0.70711
1.00000 1.00000 1.00000

-0.00000 0.10442 0.00000
0.00000 -0.70711 0.00000 0.70711
1.00000 1.00000 1.00000

0.00000 0.16374 0.00000
0.00000 -0.00000 0.00000 1.00000
1.00000 1.00000 1.00000

-0.00000 0.07154 0.00000
0.00000 0.00000 -0.00000 1.00000
1.00000 1.00000 1.00000

-0.00000 0.07074 0.00000
0.00000 -0.00000 -0.00000 1.00000
1.00000 1.00000 1.00000

-0.00000 0.18771 0.00000
0.00000 -0.00000 -0.00000 1.00000
1.00000 1.00000 1.00000

-0.19972 0.09243 0.00000
0.00000 -0.00000 0.70711 0.70711
1.00000 1.00000 1.00000

-0.00000 0.08462 -0.00000
0.00000 -0.00000 0.70711 0.70711
1.00000 1.00000 1.00000

0.00000 0.10442 -0.00000
0.00000 0.70711 -0.00000 0.70711
1.00000 1.00000 1.00000

-0.00000 0.16374 -0.00000
0.00000 0.00000 0.00000 1.00000
1.00000 1.00000 1.00000

-0.00000 0.07154 0.00000
0.00000 -0.00000 0.00000 1.00000
1.00000 1.00000 1.00000

-0.00000 0.07074 0.00000
0.00000 0.00000 0.00000 1.00000
1.00000 1.00000 1.00000

0.00000 0.18771 -0.00000
0.00000 0.00000 0.00000 1.00000
1.00000 1.00000 1.00000

0.12856 0.06322 0.00000
0.00000 0.00000 1.00000 0.00000
1.00000 1.00000 1.00000

-0.00000 0.10283 0.00000
0.00000 0.00000 0.00000 1.00000
1.00000 1.00000 1.00000

-0.00000 0.29667 0.00000
0.00000 -0.00000 0.00000 1.00000
1.00000 1.00000 1.00000

-0.00000 0.09968 0.00000
0.00000 -0.00000 0.00000 1.00000
1.00000 1.00000 1.00000

-0.00000 0.09019 0.00000
0.00000 0.00000 0.00000 1.00000
1.00000 1.00000 1.00000

-0.12856 0.06322 -0.00000
-0.00000 -0.00246 1.00000 0.00000
1.00000 1.00000 1.00000

0.00000 0.10283 0.00000
0.00000 -0.00000 0.00000 1.00000
1.00000 1.00000 1.00000

0.00000 0.29667 -0.00000
0.00000 0.00000 0.00000 1.00000
1.00000 1.00000 1.00000

0.00000 0.09968 -0.00000
-0.00000 -0.00000 -0.00000 1.00000
1.00000 1.00000 1.00000

-0.00000 0.09019 0.00000
0.00000 0.00000 0.00000 1.00000
1.00000 1.00000 1.00000

KEYFRAME: 2
TIMESTAMP: 0.08333
0.00000 0.76805 0.00000
-0.00000 -1.00000 -0.00000 0.00000
1.00000 1.00000 1.00000

0.00000 0.13707 0.00000
0.00000 0.00000 0.00000 1.00000
1.00000 1.00000 1.00000

0.00000 0.10283 0.00000
0.00000 0.00000 0.00000 1.00000
1.00000 1.00000 1.00000

0.00000 0.12035 0.00000
0.00000 0.00000 0.00000 1.00000
1.00000 1.00000 1.00000

0.00000 0.12189 0.00000
0.00000 0.00000 0.00000 1.00000
1.00000 1.00000 1.00000

0.00000 0.12681 0.00000
0.00000 -0.00000 0.00000 1.00000
1.00000 1.00000 1.00000

0.00000 0.17266 0.00000
0.00000 0.00000 0.00000 1.00000
1.00000 1.00000 1.00000

0.00000 0.04703 0.00000
0.00000 0.00000 0.00000 1.00000
1.00000 1.00000 1.00000

0.00000 0.03974 0.00000
0.00000 -0.00000 0.00000 1.00000
1.00000 1.00000 1.00000

0.00000 0.04197 0.00000
0.00000 0.00000 0.00000 1.00000
1.00000 1.00000 1.00000

0.19972 0.09243 -0.00000
0.00000 0.00000 -0.70711 0.70711
1.00000 1.00000 1.00000

0.00000 0.08462 -0.00000
0.00000 0.00000 -0.70711 0.70711
1.00000 1.00000 1.00000

-0.00000 0.10442 0.00000
0.00000 -0.70711 0.00000 0.70711
1.00000 1.00000 1.00000

0.00000 0.16374 0.00000
0.00000 -0.00000 0.00000 1.00000
1.00000 1.00000 1.00000

-0.00000 0.07154 0.00000
0.00000 0.00000 -0.00000 1.00000
1.00000 1.00000 1.00000

-0.00000 0.07074 0.00000
0.00000 -0.00000 -0.00000 1.00000
1.00000 1.00000 1.00000

-0.00000 0.18771 0.00000
0.00000 -0.00000 -0.00000 1.00000
1.00000 1.00000 1.00000

-0.19972 0.09243 0.00000
0.00000 -0.00000 0.70711 0.70711
1.00000 1.00000 1.00000

-0.00000 0.08462 -0.00000
0.00000 -0.00000 0.70711 0.70711
1.00000 1.00000 1.00000

0.00000 0.10442 -0.00000
0.00000 0.70711 -0.00000 0.70711
1.00000 1.00000 1.00000

-0.00000 0.16374 -0.00000
0.00000 0.00000 0.00000 1.00000
1.00000 1.00000 1.00000

-0.00000 0.07154 0.00000
0.00000 -0.00000 0.00000 1.00000
1.00000 1.00000 1.00000

-0.00000 0.07074 0.00000
0.00000 0.00000 0.00000 1.00000
1.00000 1.00000 1.00000

0.00000 0.18771 -0.00000
0.00000 0.00000 0.00000 1.00000
1.00000 1.00000 1.00000

0.12856 0.06322 0.00000
0.00000 0.00000 1.00000 0.00000
1.00000 1.00000 1.00000

-0.00000 0.10283 0.00000
0.00000 0.00000 0.00000 1.00000
1.00000 1.00000 1.00000

-0.00000 0.29667 0.00000
0.00000 -0.00000 0.00000 1.00000
1.00000 1.00000 1.00000

-0.00000 0.09968 0.00000
0.00000 -0.00000 0.00000 1.00000
1.00000 1.00000 1.00000

-0.00000 0.09019 0.00000
0.00000 0.00000 0.00000 1.00000
1.00000 1.00000 1.00000

-0.12856 0.06322 -0.00000
-0.00000 -0.00246 1.00000 0.00000
1.00000 1.00000 1.00000

0.00000 0.10283 0.00000
0.00000 -0.00000 0.00000 1.00000
1.00000 1.00000 1.00000

0.00000 0.29667 -0.00000
0.00000 0.00000 0.00000 1.00000
1.00000 1.00000 1.00000

0.00000 0.09968 -0.00000
-0.00000 -0.00000 -0.00000 1.00000
1.00000 1.00000 1.00000

-0.00000 0.09019 0.00000
0.00000 0.00000 0.00000 1.00000
1.00000 1.00000 1.00000

KEYFRAME: 3
TIMESTAMP: 0.12500
0.00000 0.76805 0.00000
-0.00000 -1.00000 -0.00000 0.00000
1.00000 1.00000 1.00000

0.00000 0.13707 0.00000
0.00000 0.00000 0.00000 1.00000
1.00000 1.00000 1.00000

0.00000 0.10283 0.00000
0.00000 0.00000 0.00000 1.00000
1.00000 1.00000 1.00000

0.00000 0.12035 0.00000
0.00000 0.00000 0.00000 1.00000
1.00000 1.00000 1.00000

0.00000 0.12189 0.00000
0.00000 0.00000 0.00000 1.00000
1.00000 1.00000 1.00000

0.00000 0.12681 0.00000
0.00000 -0.00000 0.00000 1.00000
1.00000 1.00000 1.00000

0.00000 0.17266 0.00000
0.00000 0.00000 0.00000 1.00000
1.00000 1.00000 1.00000

0.00000 0.04703 0.00000
0.00000 0.00000 0.00000 1.00000
1.00000 1.00000 1.00000

0.00000 0.03974 0.00000
0.00000 -0.00000 0.00000 1.00000
1.00000 1.00000 1.00000

0.00000 0.04197 0.00000
0.00000 0.00000 0.00000 1.00000
1.00000 1.00000 1.00000

0.19972 0.09243 -0.00000
0.00000 0.00000 -0.70711 0.70711
1.00000 1.00000 1.00000

0.00000 0.08462 -0.00000
0.00000 0.00000 -0.70711 0.70711
1.00000 1.00000 1.00000

-0.00000 0.10442 0.00000
0.00000 -0.70711 0.00000 0.70711
1.00000 1.00000 1.00000

0.00000 0.16374 0.00000
0.00000 -0.00000 0.00000 1.00000
1.00000 1.00000 1.00000

-0.00000 0.07154 0.00000
0.00000 0.00000 -0.00000 1.00000
1.00000 1.00000 1.00000

-0.00000 0.07074 0.00000
0.00000 -0.00000 -0.00000 1.00000
1.00000 1.00000 1.00000

-0.00000 0.18771 0.00000
0.00000 -0.00000 -0.00000 1.00000
1.00000 1.00000 1.00000

-0.19972 0.09243 0.00000
0.00000 -0.00000 0.70711 0.70711
1.00000 1.00000 1.00000

-0.00000 0.08462 -0.00000
0.00000 -0.00000 0.70711 0.70711
1.00000 1.00000 1.00000

0.00000 0.10442 -0.00000
0.00000 0.70711 -0.00000 0.70711
1.00000 1.00000 1.00000

-0.00000 0.16374 -0.00000
0.00000 0.00000 0.00000 1.00000
1.00000 1.00000 1.00000

-0.00000 0.07154 0.00000
0.00000 -0.00000 0.00000 1.00000
1.00000 1.00000 1.00000

-0.00000 0.07074 0.00000
0.00000 0.00000 0.00000 1.00000
1.00000 1.00000 1.00000

0.00000 0.18771 -0.00000
0.00000 0.00000 0.00000 1.00000
1.00000 1.00000 1.00000

0.12856 0.06322 0.00000
0.00000 0.00000 1.00000 0.00000
1.00000 1.00000 1.00000

-0.00000 0.10283 0.00000
0.00000 0.00000 0.00000 1.00000
1.00000 1.00000 1.00000

-0.00000 0.29667 0.00000
0.00000 -0.00000 0.00000 1.00000
1.00000 1.00000 1.00000

-0.00000 0.09968 0.00000
0.00000 -0.00000 0.00000 1.00000
1.00000 1.00000 1.00000

-0.00000 0.09019 0.00000
0.00000 0.00000 0.00000 1.00000
1.00000 1.00000 1.00000

-0.12856 0.06322 -0.00000
-0.00000 -0.00246 1.00000 0.00000
1.00000 1.00000 1.00000

0.00000 0.10283 0.00000
0.00000 -0.00000 0.00000 1.00000
1.00000 1.00000 1.00000

0.00000 0.29667 -0.00000
0.00000 0.00000 0.00000 1.00000
1.00000 1.00000 1.00000

0.00000 0.09968 -0.00000
-0.00000 -0.00000 -0.00000 1.00000
1.00000 1.00000 1.00000

-0.00000 0.09019 0.00000
0.00000 0.00000 0.00000 1.00000
1.00000 1.00000 1.00000

KEYFRAME: 4
TIMESTAMP: 0.16667
0.00000 0.76805 0.00000
-0.00000 -1.00000 -0.00000 0.00000
1.00000 1.00000 1.00000

0.00000 0.13707 0.00000
0.00000 0.00000 0.00000 1.00000
1.00000 1.00000 1.00000

0.00000 0.10283 0.00000
0.00000 0.00000 0.00000 1.00000
1.00000 1.00000 1.00000

0.00000 0.12035 0.00000
0.00000 0.00000 0.00000 1.00000
1.00000 1.00000 1.00000

0.00000 0.12189 0.00000
0.00000 0.00000 0.00000 1.00000
1.00000 1.00000 1.00000

0.00000 0.12681 0.00000
0.00000 -0.00000 0.00000 1.00000
1.00000 1.00000 1.00000

0.00000 0.17266 0.00000
0.00000 0.00000 0.00000 1.00000
1.00000 1.00000 1.00000

0.00000 0.04703 0.00000
0.00000 0.00000 0.00000 1.00000
1.00000 1.00000 1.00000

0.00000 0.03974 0.00000
0.00000 -0.00000 0.00000 1.00000
1.00000 1.00000 1.00000

0.00000 0.04197 0.00000
0.00000 0.00000 0.00000 1.00000
1.00000 1.00000 1.00000

0.19972 0.09243 -0.00000
0.00000 0.00000 -0.70711 0.70711
1.00000 1.00000 1.00000

0.00000 0.08462 -0.00000
0.00000 0.00000 -0.70711 0.70711
1.00000 1.00000 1.00000

-0.00000 0.10442 0.00000
0.00000 -0.70711 0.00000 0.70711
1.00000 1.00000 1.00000

0.00000 0.16374 0.00000
0.00000 -0.00000 0.00000 1.00000
1.00000 1.00000 1.00000

-0.00000 0.07154 0.00000
0.00000 0.00000 -0.00000 1.00000
1.00000 1.00000 1.00000

-0.00000 0.07074 0.00000
0.00000 -0.00000 -0.00000 1.00000
1.00000 1.00000 1.00000

-0.00000 0.18771 0.00000
0.00000 -0.00000 -0.00000 1.00000
1.00000 1.00000 1.00000

-0.19972 0.09243 0.00000
0.00000 -0.00000 0.70711 0.70711
1.00000 1.00000 1.00000

-0.00000 0.08462 -0.00000
0.00000 -0.00000 0.70711 0.70711
1.00000 1.00000 1.00000

0.00000 0.10442 -0.00000
0.00000 0.70711 -0.00000 0.70711
1.00000 1.00000 1.00000

-0.00000 0.16374 -0.00000
0.00000 0.00000 0.00000 1.00000
1.00000 1.00000 1.00000

-0.00000 0.07154 0.00000
0.00000 -0.00000 0.00000 1.00000
1.00000 1.00000 1.00000

-0.00000 0.07074 0.00000
0.00000 0.00000 0.00000 1.00000
1.00000 1.00000 1.00000

0.00000 0.18771 -0.00000
0.00000 0.00000 0.00000 1.00000
1.00000 1.00000 1.00000

0.12856 0.06322 0.00000
0.00000 0.00000 1.00000 0.00000
1.00000 1.00000 1.00000

-0.00000 0.10283 0.00000
0.00000 0.00000 0.00000 1.00000
1.00000 1.00000 1.00000

-0.00000 0.29667 0.00000
0.00000 -0.00000 0.00000 1.00000
1.00000 1.00000 1.00000

-0.00000 0.09968 0.00000
0.00000 -0.00000 0.00000 1.00000
1.00000 1.00000 1.00000

-0.00000 0.09019 0.00000
0.00000 0.00000 0.00000 1.00000
1.00000 1.00000 1.00000

-0.12856 0.06322 -0.00000
-0.00000 -0.00246 1.00000 0.00000
1.00000 1.00000 1.00000

0.00000 0.10283 0.00000
0.00000 -0.00000 0.00000 1.00000
1.00000 1.00000 1.00000

0.00000 0.29667 -0.00000
0.00000 0.00000 0.00000 1.00000
1.00000 1.00000 1.00000

0.00000 0.09968 -0.00000
-0.00000 -0.00000 -0.00000 1.00000
1.00000 1.00000 1.00000

-0.00000 0.09019 0.00000
0.00000 0.00000 0.00000 1.00000
1.00000 1.00000 1.00000

KEYFRAME: 5
TIMESTAMP: 0.20833
0.00000 0.76805 0.00000
-0.00000 -1.00000 -0.00000 0.00000
1.00000 1.00000 1.00000

0.00000 0.13707 0.00000
0.00000 0.00000 0.00000 1.00000
1.00000 1.00000 1.00000

0.00000 0.10283 0.00000
0.00000 0.00000 0.00000 1.00000
1.00000 1.00000 1.00000

0.00000 0.12035 0.00000
0.00000 0.00000 0.00000 1.00000
1.00000 1.00000 1.00000

0.00000 0.12189 0.00000
0.00000 0.00000 0.00000 1.00000
1.00000 1.00000 1.00000

0.00000 0.12681 0.00000
0.00000 -0.00000 0.00000 1.00000
1.00000 1.00000 1.00000

0.00000 0.17266 0.00000
0.00000 0.00000 0.00000 1.00000
1.00000 1.00000 1.00000

0.00000 0.04703 0.00000
0.00000 0.00000 0.00000 1.00000
1.00000 1.00000 1.00000

0.00000 0.03974 0.00000
0.00000 -0.00000 0.00000 1.00000
1.00000 1.00000 1.00000

0.00000 0.04197 0.00000
0.00000 0.00000 0.00000 1.00000
1.00000 1.00000 1.00000

0.19972 0.09243 -0.00000
0.00000 0.00000 -0.70711 0.70711
1.00000 1.00000 1.00000

0.00000 0.08462 -0.00000
0.00000 0.00000 -0.70711 0.70711
1.00000 1.00000 1.00000

-0.00000 0.10442 0.00000
0.00000 -0.70711 0.00000 0.70711
1.00000 1.00000 1.00000

0.00000 0.16374 0.00000
0.00000 -0.00000 0.00000 1.00000
1.00000 1.00000 1.00000

-0.00000 0.07154 0.00000
0.00000 0.00000 -0.00000 1.00000
1.00000 1.00000 1.00000

-0.00000 0.07074 0.00000
0.00000 -0.00000 -0.00000 1.00000
1.00000 1.00000 1.00000

-0.00000 0.18771 0.00000
0.00000 -0.00000 -0.00000 1.00000
1.00000 1.00000 1.00000

-0.19972 0.09243 0.00000
0.00000 -0.00000 0.70711 0.70711
1.00000 1.00000 1.00000

-0.00000 0.08462 -0.00000
0.00000 -0.00000 0.70711 0.70711
1.00000 1.00000 1.00000

0.00000 0.10442 -0.00000
0.00000 0.70711 -0.00000 0.70711
1.00000 1.00000 1.00000

-0.00000 0.16374 -0.00000
0.00000 0.00000 0.00000 1.00000
1.00000 1.00000 1.00000

-0.00000 0.07154 0.00000
0.00000 -0.00000 0.00000 1.00000
1.00000 1.00000 1.00000

-0.00000 0.07074 0.00000
0.00000 0.00000 0.00000 1.00000
1.00000 1.00000 1.00000

0.00000 0.18771 -0.00000
0.00000 0.00000 0.00000 1.00000
1.00000 1.00000 1.00000

0.12856 0.06322 0.00000
0.00000 0.00000 1.00000 0.00000
1.00000 1.00000 1.00000

-0.00000 0.10283 0.00000
0.00000 0.00000 0.00000 1.00000
1.00000 1.00000 1.00000

-0.00000 0.29667 0.00000
0.00000 -0.00000 0.00000 1.00000
1.00000 1.00000 1.00000

-0.00000 0.09968 0.00000
0.00000 -0.00000 0.00000 1.00000
1.00000 1.00000 1.00000

-0.00000 0.09019 0.00000
0.00000 0.00000 0.00000 1.00000
1.00000 1.00000 1.00000

-0.12856 0.06322 -0.00000
-0.00000 -0.00246 1.00000 0.00000
1.00000 1.00000 1.00000

0.00000 0.10283 0.00000
0.00000 -0.00000 0.00000 1.00000
1.00000 1.00000 1.00000

0.00000 0.29667 -0.00000
0.00000 0.00000 0.00000 1.00000
1.00000 1.00000 1.00000

0.00000 0.09968 -0.00000
-0.00000 -0.00000 -0.00000 1.00000
1.00000 1.00000 1.00000

-0.00000 0.09019 0.00000
0.00000 0.00000 0.00000 1.00000
1.00000 1.00000 1.00000

KEYFRAME: 6
TIMESTAMP: 0.25000
0.00000 0.76805 0.00000
-0.00000 -1.00000 -0.00000 0.00000
1.00000 1.00000 1.00000

0.00000 0.13707 0.00000
0.00000 0.00000 0.00000 1.00000
1.00000 1.00000 1.00000

0.00000 0.10283 0.00000
0.00000 0.00000 0.00000 1.00000
1.00000 1.00000 1.00000

0.00000 0.12035 0.00000
0.00000 0.00000 0.00000 1.00000
1.00000 1.00000 1.00000

0.00000 0.12189 0.00000
0.00000 0.00000 0.00000 1.00000
1.00000 1.00000 1.00000

0.00000 0.12681 0.00000
0.00000 -0.00000 0.00000 1.00000
1.00000 1.00000 1.00000

0.00000 0.17266 0.00000
0.00000 0.00000 0.00000 1.00000
1.00000 1.00000 1.00000

0.00000 0.04703 0.00000
0.00000 0.00000 0.00000 1.00000
1.00000 1.00000 1.00000

0.00000 0.03974 0.00000
0.00000 -0.00000 0.00000 1.00000
1.00000 1.00000 1.00000

0.00000 0.04197 0.00000
0.00000 0.00000 0.00000 1.00000
1.00000 1.00000 1.00000

0.19972 0.09243 -0.00000
0.00000 0.00000 -0.70711 0.70711
1.00000 1.00000 1.00000

0.00000 0.08462 -0.00000
0.00000 0.00000 -0.70711 0.70711
1.00000 1.00000 1.00000

-0.00000 0.10442 0.00000
0.00000 -0.70711 0.00000 0.70711
1.00000 1.00000 1.00000

0.00000 0.16374 0.00000
0.00000 -0.00000 0.00000 1.00000
1.00000 1.00000 1.00000

-0.00000 0.07154 0.00000
0.00000 0.00000 -0.00000 1.00000
1.00000 1.00000 1.00000

-0.00000 0.07074 0.00000
0.00000 -0.00000 -0.00000 1.00000
1.00000 1.00000 1.00000

-0.00000 0.18771 0.00000
0.00000 -0.00000 -0.00000 1.00000
1.00000 1.00000 1.00000

-0.19972 0.09243 0.00000
0.00000 -0.00000 0.70711 0.70711
1.00000 1.00000 1.00000

-0.00000 0.08462 -0.00000
0.00000 -0.00000 0.70711 0.70711
1.00000 1.00000 1.00000

0.00000 0.10442 -0.00000
0.00000 0.70711 -0.00000 0.70711
1.00000 1.00000 1.00000

-0.00000 0.16374 -0.00000
0.00000 0.00000 0.00000 1.00000
1.00000 1.00000 1.00000

-0.00000 0.07154 0.00000
0.00000 -0.00000 0.00000 1.00000
1.00000 1.00000 1.00000

-0.00000 0.07074 0.00000
0.00000 0.00000 0.00000 1.00000
1.00000 1.00000 1.00000

0.00000 0.18771 -0.00000
0.00000 0.00000 0.00000 1.00000
1.00000 1.00000 1.00000

0.12856 0.06322 0.00000
0.00000 0.00000 1.00000 0.00000
1.00000 1.00000 1.00000

-0.00000 0.10283 0.00000
0.00000 0.00000 0.00000 1.00000
1.00000 1.00000 1.00000

-0.00000 0.29667 0.00000
0.00000 -0.00000 0.00000 1.00000
1.00000 1.00000 1.00000

-0.00000 0.09968 0.00000
0.00000 -0.00000 0.00000 1.00000
1.00000 1.00000 1.00000

-0.00000 0.09019 0.00000
0.00000 0.00000 0.00000 1.00000
1.00000 1.00000 1.00000

-0.12856 0.06322 -0.00000
-0.00000 -0.00246 1.00000 0.00000
1.00000 1.00000 1.00000

0.00000 0.10283 0.00000
0.00000 -0.00000 0.00000 1.00000
1.00000 1.00000 1.00000

0.00000 0.29667 -0.00000
0.00000 0.00000 0.00000 1.00000
1.00000 1.00000 1.00000

0.00000 0.09968 -0.00000
-0.00000 -0.00000 -0.00000 1.00000
1.00000 1.00000 1.00000

-0.00000 0.09019 0.00000
0.00000 0.00000 0.00000 1.00000
1.00000 1.00000 1.00000

KEYFRAME: 7
TIMESTAMP: 0.29167
0.00000 0.76805 0.00000
-0.00000 -1.00000 -0.00000 0.00000
1.00000 1.00000 1.00000

0.00000 0.13707 0.00000
0.00000 0.00000 0.00000 1.00000
1.00000 1.00000 1.00000

0.00000 0.10283 0.00000
0.00000 0.00000 0.00000 1.00000
1.00000 1.00000 1.00000

0.00000 0.12035 0.00000
0.00000 0.00000 0.00000 1.00000
1.00000 1.00000 1.00000

0.00000 0.12189 0.00000
0.00000 0.00000 0.00000 1.00000
1.00000 1.00000 1.00000

0.00000 0.12681 0.00000
0.00000 -0.00000 0.00000 1.00000
1.00000 1.00000 1.00000

0.00000 0.17266 0.00000
0.00000 0.00000 0.00000 1.00000
1.00000 1.00000 1.00000

0.00000 0.04703 0.00000
0.00000 0.00000 0.00000 1.00000
1.00000 1.00000 1.00000

0.00000 0.03974 0.00000
0.00000 -0.00000 0.00000 1.00000
1.00000 1.00000 1.00000

0.00000 0.04197 0.00000
0.00000 0.00000 0.00000 1.00000
1.00000 1.00000 1.00000

0.19972 0.09243 -0.00000
0.00000 0.00000 -0.70711 0.70711
1.00000 1.00000 1.00000

0.00000 0.08462 -0.00000
0.00000 0.00000 -0.70711 0.70711
1.00000 1.00000 1.00000

-0.00000 0.10442 0.00000
0.00000 -0.70711 0.00000 0.70711
1.00000 1.00000 1.00000

0.00000 0.16374 0.00000
0.00000 -0.00000 0.00000 1.00000
1.00000 1.00000 1.00000

-0.00000 0.07154 0.00000
0.00000 0.00000 -0.00000 1.00000
1.00000 1.00000 1.00000

-0.00000 0.07074 0.00000
0.00000 -0.00000 -0.00000 1.00000
1.00000 1.00000 1.00000

-0.00000 0.18771 0.00000
0.00000 -0.00000 -0.00000 1.00000
1.00000 1.00000 1.00000

-0.19972 0.09243 0.00000
0.00000 -0.00000 0.70711 0.70711
1.00000 1.00000 1.00000

-0.00000 0.08462 -0.00000
0.00000 -0.00000 0.70711 0.70711
1.00000 1.00000 1.00000

0.00000 0.10442 -0.00000
0.00000 0.70711 -0.00000 0.70711
1.00000 1.00000 1.00000

-0.00000 0.16374 -0.00000
0.00000 0.00000 0.00000 1.00000
1.00000 1.00000 1.00000

-0.00000 0.07154 0.00000
0.00000 -0.00000 0.00000 1.00000
1.00000 1.00000 1.00000

-0.00000 0.07074 0.00000
0.00000 0.00000 0.00000 1.00000
1.00000 1.00000 1.00000

0.00000 0.18771 -0.00000
0.00000 0.00000 0.00000 1.00000
1.00000 1.00000 1.00000

0.12856 0.06322 0.00000
0.00000 0.00000 1.00000 0.00000
1.00000 1.00000 1.00000

-0.00000 0.10283 0.00000
0.00000 0.00000 0.00000 1.00000
1.00000 1.00000 1.00000

-0.00000 0.29667 0.00000
0.00000 -0.00000 0.00000 1.00000
1.00000 1.00000 1.00000

-0.00000 0.09968 0.00000
0.00000 -0.00000 0.00000 1.00000
1.00000 1.00000 1.00000

-0.00000 0.09019 0.00000
0.00000 0.00000 0.00000 1.00000
1.00000 1.00000 1.00000

-0.12856 0.06322 -0.00000
-0.00000 -0.00246 1.00000 0.00000
1.00000 1.00000 1.00000

0.00000 0.10283 0.00000
0.00000 -0.00000 0.00000 1.00000
1.00000 1.00000 1.00000

0.00000 0.29667 -0.00000
0.00000 0.00000 0.00000 1.00000
1.00000 1.00000 1.00000

0.00000 0.09968 -0.00000
-0.00000 -0.00000 -0.00000 1.00000
1.00000 1.00000 1.00000

-0.00000 0.09019 0.00000
0.00000 0.00000 0.00000 1.00000
1.00000 1.00000 1.00000

KEYFRAME: 8
TIMESTAMP: 0.33333
0.00000 0.76805 0.00000
-0.00000 -1.00000 -0.00000 0.00000
1.00000 1.00000 1.00000

0.00000 0.13707 0.00000
0.00000 0.00000 0.00000 1.00000
1.00000 1.00000 1.00000

0.00000 0.10283 0.00000
0.00000 0.00000 0.00000 1.00000
1.00000 1.00000 1.00000

0.00000 0.12035 0.00000
0.00000 0.00000 0.00000 1.00000
1.00000 1.00000 1.00000

0.00000 0.12189 0.00000
0.00000 0.00000 0.00000 1.00000
1.00000 1.00000 1.00000

0.00000 0.12681 0.00000
0.00000 -0.00000 0.00000 1.00000
1.00000 1.00000 1.00000

0.00000 0.17266 0.00000
0.00000 0.00000 0.00000 1.00000
1.00000 1.00000 1.00000

0.00000 0.04703 0.00000
0.00000 0.00000 0.00000 1.00000
1.00000 1.00000 1.00000

0.00000 0.03974 0.00000
0.00000 -0.00000 0.00000 1.00000
1.00000 1.00000 1.00000

0.00000 0.04197 0.00000
0.00000 0.00000 0.00000 1.00000
1.00000 1.00000 1.00000

0.19972 0.09243 -0.00000
0.00000 0.00000 -0.70711 0.70711
1.00000 1.00000 1.00000

0.00000 0.08462 -0.00000
0.00000 0.00000 -0.70711 0.70711
1.00000 1.00000 1.00000

-0.00000 0.10442 0.00000
0.00000 -0.70711 0.00000 0.70711
1.00000 1.00000 1.00000

0.00000 0.16374 0.00000
0.00000 -0.00000 0.00000 1.00000
1.00000 1.00000 1.00000

-0.00000 0.07154 0.00000
0.00000 0.00000 -0.00000 1.00000
1.00000 1.00000 1.00000

-0.00000 0.07074 0.00000
0.00000 -0.00000 -0.00000 1.00000
1.00000 1.00000 1.00000

-0.00000 0.18771 0.00000
0.00000 -0.00000 -0.00000 1.00000
1.00000 1.00000 1.00000

-0.19972 0.09243 0.00000
0.00000 -0.00000 0.70711 0.70711
1.00000 1.00000 1.00000

-0.00000 0.08462 -0.00000
0.00000 -0.00000 0.70711 0.70711
1.00000 1.00000 1.00000

0.00000 0.10442 -0.00000
0.00000 0.70711 -0.00000 0.70711
1.00000 1.00000 1.00000

-0.00000 0.16374 -0.00000
0.00000 0.00000 0.00000 1.00000
1.00000 1.00000 1.00000

-0.00000 0.07154 0.00000
0.00000 -0.00000 0.00000 1.00000
1.00000 1.00000 1.00000

-0.00000 0.07074 0.00000
0.00000 0.00000 0.00000 1.00000
1.00000 1.00000 1.00000

0.00000 0.18771 -0.00000
0.00000 0.00000 0.00000 1.00000
1.00000 1.00000 1.00000

0.12856 0.06322 0.00000
0.00000 0.00000 1.00000 0.00000
1.00000 1.00000 1.00000

-0.00000 0.10283 0.00000
0.00000 0.00000 0.00000 1.00000
1.00000 1.00000 1.00000

-0.00000 0.29667 0.00000
0.00000 -0.00000 0.00000 1.00000
1.00000 1.00000 1.00000

-0.00000 0.09968 0.00000
0.00000 -0.00000 0.00000 1.00000
1.00000 1.00000 1.00000

-0.00000 0.09019 0.00000
0.00000 0.00000 0.00000 1.00000
1.00000 1.00000 1.00000

-0.12856 0.06322 -0.00000
-0.00000 -0.00246 1.00000 0.00000
1.00000 1.00000 1.00000

0.00000 0.10283 0.00000
0.00000 -0.00000 0.00000 1.00000
1.00000 1.00000 1.00000

0.00000 0.29667 -0.00000
0.00000 0.00000 0.00000 1.00000
1.00000 1.00000 1.00000

0.00000 0.09968 -0.00000
-0.00000 -0.00000 -0.00000 1.00000
1.00000 1.00000 1.00000

-0.00000 0.09019 0.00000
0.00000 0.00000 0.00000 1.00000
1.00000 1.00000 1.00000

KEYFRAME: 9
TIMESTAMP: 0.37500
0.00000 0.76805 0.00000
-0.00000 -1.00000 -0.00000 0.00000
1.00000 1.00000 1.00000

0.00000 0.13707 0.00000
0.00000 0.00000 0.00000 1.00000
1.00000 1.00000 1.00000

0.00000 0.10283 0.00000
0.00000 0.00000 0.00000 1.00000
1.00000 1.00000 1.00000

0.00000 0.12035 0.00000
0.00000 0.00000 0.00000 1.00000
1.00000 1.00000 1.00000

0.00000 0.12189 0.00000
0.00000 0.00000 0.00000 1.00000
1.00000 1.00000 1.00000

0.00000 0.12681 0.00000
0.00000 -0.00000 0.00000 1.00000
1.00000 1.00000 1.00000

0.00000 0.17266 0.00000
0.00000 0.00000 0.00000 1.00000
1.00000 1.00000 1.00000

0.00000 0.04703 0.00000
0.00000 0.00000 0.00000 1.00000
1.00000 1.00000 1.00000

0.00000 0.03974 0.00000
0.00000 -0.00000 0.00000 1.00000
1.00000 1.00000 1.00000

0.00000 0.04197 0.00000
0.00000 0.00000 0.00000 1.00000
1.00000 1.00000 1.00000

0.19972 0.09243 -0.00000
0.00000 0.00000 -0.70711 0.70711
1.00000 1.00000 1.00000

0.00000 0.08462 -0.00000
0.00000 0.00000 -0.70711 0.70711
1.00000 1.00000 1.00000

-0.00000 0.10442 0.00000
0.00000 -0.70711 0.00000 0.70711
1.00000 1.00000 1.00000

0.00000 0.16374 0.00000
0.00000 -0.00000 0.00000 1.00000
1.00000 1.00000 1.00000

-0.00000 0.07154 0.00000
0.00000 0.00000 -0.00000 1.00000
1.00000 1.00000 1.00000

-0.00000 0.07074 0.00000
0.00000 -0.00000 -0.00000 1.00000
1.00000 1.00000 1.00000

-0.00000 0.18771 0.00000
0.00000 -0.00000 -0.00000 1.00000
1.00000 1.00000 1.00000

-0.19972 0.09243 0.00000
0.00000 -0.00000 0.70711 0.70711
1.00000 1.00000 1.00000

-0.00000 0.08462 -0.00000
0.00000 -0.00000 0.70711 0.70711
1.00000 1.00000 1.00000

0.00000 0.10442 -0.00000
0.00000 0.70711 -0.00000 0.70711
1.00000 1.00000 1.00000

-0.00000 0.16374 -0.00000
0.00000 0.00000 0.00000 1.00000
1.00000 1.00000 1.00000

-0.00000 0.07154 0.00000
0.00000 -0.00000 0.00000 1.00000
1.00000 1.00000 1.00000

-0.00000 0.07074 0.00000
0.00000 0.00000 0.00000 1.00000
1.00000 1.00000 1.00000

0.00000 0.18771 -0.00000
0.00000 0.00000 0.00000 1.00000
1.00000 1.00000 1.00000

0.12856 0.06322 0.00000
0.00000 0.00000 1.00000 0.00000
1.00000 1.00000 1.00000

-0.00000 0.10283 0.00000
0.00000 0.00000 0.00000 1.00000
1.00000 1.00000 1.00000

-0.00000 0.29667 0.00000
0.00000 -0.00000 0.00000 1.00000
1.00000 1.00000 1.00000

-0.00000 0.09968 0.00000
0.00000 -0.00000 0.00000 1.00000
1.00000 1.00000 1.00000

-0.00000 0.09019 0.00000
0.00000 0.00000 0.00000 1.00000
1.00000 1.00000 1.00000

-0.12856 0.06322 -0.00000
-0.00000 -0.00246 1.00000 0.00000
1.00000 1.00000 1.00000

0.00000 0.10283 0.00000
0.00000 -0.00000 0.00000 1.00000
1.00000 1.00000 1.00000

0.00000 0.29667 -0.00000
0.00000 0.00000 0.00000 1.00000
1.00000 1.00000 1.00000

0.00000 0.09968 -0.00000
-0.00000 -0.00000 -0.00000 1.00000
1.00000 1.00000 1.00000

-0.00000 0.09019 0.00000
0.00000 0.00000 0.00000 1.00000
1.00000 1.00000 1.00000

KEYFRAME: 10
TIMESTAMP: 0.41667
0.00000 0.76805 0.00000
-0.00000 -1.00000 -0.00000 0.00000
1.00000 1.00000 1.00000

0.00000 0.13707 0.00000
0.00000 0.00000 0.00000 1.00000
1.00000 1.00000 1.00000

0.00000 0.10283 0.00000
0.00000 0.00000 0.00000 1.00000
1.00000 1.00000 1.00000

0.00000 0.12035 0.00000
0.00000 0.00000 0.00000 1.00000
1.00000 1.00000 1.00000

0.00000 0.12189 0.00000
0.00000 0.00000 0.00000 1.00000
1.00000 1.00000 1.00000

0.00000 0.12681 0.00000
0.00000 -0.00000 0.00000 1.00000
1.00000 1.00000 1.00000

0.00000 0.17266 0.00000
0.00000 0.00000 0.00000 1.00000
1.00000 1.00000 1.00000

0.00000 0.04703 0.00000
0.00000 0.00000 0.00000 1.00000
1.00000 1.00000 1.00000

0.00000 0.03974 0.00000
0.00000 -0.00000 0.00000 1.00000
1.00000 1.00000 1.00000

0.00000 0.04197 0.00000
0.00000 0.00000 0.00000 1.00000
1.00000 1.00000 1.00000

0.19972 0.09243 -0.00000
0.00000 0.00000 -0.70711 0.70711
1.00000 1.00000 1.00000

0.00000 0.08462 -0.00000
0.00000 0.00000 -0.70711 0.70711
1.00000 1.00000 1.00000

-0.00000 0.10442 0.00000
0.00000 -0.70711 0.00000 0.70711
1.00000 1.00000 1.00000

0.00000 0.16374 0.00000
0.00000 -0.00000 0.00000 1.00000
1.00000 1.00000 1.00000

-0.00000 0.07154 0.00000
0.00000 0.00000 -0.00000 1.00000
1.00000 1.00000 1.00000

-0.00000 0.07074 0.00000
0.00000 -0.00000 -0.00000 1.00000
1.00000 1.00000 1.00000

-0.00000 0.18771 0.00000
0.00000 -0.00000 -0.00000 1.00000
1.00000 1.00000 1.00000

-0.19972 0.09243 0.00000
0.00000 -0.00000 0.70711 0.70711
1.00000 1.00000 1.00000

-0.00000 0.08462 -0.00000
0.00000 -0.00000 0.70711 0.70711
1.00000 1.00000 1.00000

0.00000 0.10442 -0.00000
0.00000 0.70711 -0.00000 0.70711
1.00000 1.00000 1.00000

-0.00000 0.16374 -0.00000
0.00000 0.00000 0.00000 1.00000
1.00000 1.00000 1.00000

-0.00000 0.07154 0.00000
0.00000 -0.00000 0.00000 1.00000
1.00000 1.00000 1.00000

-0.00000 0.07074 0.00000
0.00000 0.00000 0.00000 1.00000
1.00000 1.00000 1.00000

0.00000 0.18771 -0.00000
0.00000 0.00000 0.00000 1.00000
1.00000 1.00000 1.00000

0.12856 0.06322 0.00000
0.00000 0.00000 1.00000 0.00000
1.00000 1.00000 1.00000

-0.00000 0.10283 0.00000
0.00000 0.00000 0.00000 1.00000
1.00000 1.00000 1.00000

-0.00000 0.29667 0.00000
0.00000 -0.00000 0.00000 1.00000
1.00000 1.00000 1.00000

-0.00000 0.09968 0.00000
0.00000 -0.00000 0.00000 1.00000
1.00000 1.00000 1.00000

-0.00000 0.09019 0.00000
0.00000 0.00000 0.00000 1.00000
1.00000 1.00000 1.00000

-0.12856 0.06322 -0.00000
-0.00000 -0.00246 1.00000 0.00000
1.00000 1.00000 1.00000

0.00000 0.10283 0.00000
0.00000 -0.00000 0.00000 1.00000
1.00000 1.00000 1.00000

0.00000 0.29667 -0.00000
0.00000 0.00000 0.00000 1.00000
1.00000 1.00000 1.00000

0.00000 0.09968 -0.00000
-0.00000 -0.00000 -0.00000 1.00000
1.00000 1.00000 1.00000

-0.00000 0.09019 0.00000
0.00000 0.00000 0.00000 1.00000
1.00000 1.00000 1.00000

ANIMATION_NAME: Run
DURATION: 0.83333

KEYFRAME: 0
TIMESTAMP: 0.00000
0.00000 0.76805 0.00000
-0.00000 -1.00000 -0.00000 0.00000
1.00000 1.00000 1.00000

0.00000 0.13707 0.00000
0.00000 0.00000 0.00000 1.00000
1.00000 1.00000 1.00000

0.00000 0.10283 0.00000
0.00000 0.00000 0.00000 1.00000
1.00000 1.00000 1.00000

0.00000 0.12035 0.00000
0.00000 0.00000 0.00000 1.00000
1.00000 1.00000 1.00000

0.00000 0.12189 0.00000
0.00000 0.00000 0.00000 1.00000
1.00000 1.00000 1.00000

0.00000 0.12681 0.00000
0.00000 -0.00000 0.00000 1.00000
1.00000 1.00000 1.00000

0.00000 0.17266 0.00000
0.00000 0.00000 0.00000 1.00000
1.00000 1.00000 1.00000

0.00000 0.04703 0.00000
0.00000 0.00000 0.00000 1.00000
1.00000 1.00000 1.00000

0.00000 0.03974 0.00000
0.00000 -0.00000 0.00000 1.00000
1.00000 1.00000 1.00000

0.00000 0.04197 0.00000
0.00000 0.00000 0.00000 1.00000
1.00000 1.00000 1.00000

0.19972 0.09243 -0.00000
0.00000 0.00000 -0.70711 0.70711
1.00000 1.00000 1.00000

0.00000 0.08462 -0.00000
0.00000 0.00000 0.00000 1.00000
1.00000 1.00000 1.00000

0.00000 0.10442 -0.00000
0.00000 -0.70711 0.00000 0.70711
1.00000 1.00000 1.00000

-0.00000 0.16374 -0.00000
-0.00000 -0.00000 0.00000 1.00000
1.00000 1.00000 1.00000

-0.00000 0.07154 0.00000
-0.00000 0.00000 -0.00000 1.00000
1.00000 1.00000 1.00000

-0.00000 0.07074 0.00000
-0.00000 0.00000 0.00000 1.00000
1.00000 1.00000 1.00000

-0.00000 0.18771 0.00000
-0.00000 0.00000 0.00000 1.00000
1.00000 1.00000 1.00000

-0.19972 0.09243 0.00000
0.00000 -0.00000 0.70711 0.70711
1.00000 1.00000 1.00000

-0.00000 0.08462 -0.00000
0.00000 0.00000 -0.00000 1.00000
1.00000 1.00000 1.00000

-0.00000 0.10442 -0.00000
0.00000 0.70711 0.00000 0.70711
1.00000 1.00000 1.00000

0.00000 0.16374 -0.00000
-0.00000 0.00000 -0.00000 1.00000
1.00000 1.00000 1.00000

0.00000 0.07154 0.00000
-0.00000 -0.00000 0.00000 1.00000
1.00000 1.00000 1.00000

0.00000 0.07074 0.00000
-0.00000 0.00000 0.00000 1.00000
1.00000 1.00000 1.00000

0.00000 0.18771 0.00000
-0.00000 0.00000 0.00000 1.00000
1.00000 1.00000 1.00000

0.12856 0.06322 0.00000
0.00000 0.00000 1.00000 0.00000
1.00000 1.00000 1.00000

-0.00000 0.10283 0.00000
0.00000 0.00000 0.00000 1.00000
1.00000 1.00000 1.00000

-0.00000 0.29667 0.00000
0.00000 -0.00000 0.00000 1.00000
1.00000 1.00000 1.00000

-0.00000 0.09968 0.00000
0.00000 -0.00000 0.00000 1.00000
1.00000 1.00000 1.00000

-0.00000 0.09019 0.00000
0.00000 0.00000 0.00000 1.00000
1.00000 1.00000 1.00000

-0.12856 0.06322 -0.00000
-0.00000 -0.00246 1.00000 0.00000
1.00000 1.00000 1.00000

0.00000 0.10283 0.00000
0.00000 -0.00000 0.00000 1.00000
1.00000 1.00000 1.00000

0.00000 0.29667 -0.00000
0.00000 0.00000 0.00000 1.00000
1.00000 1.00000 1.00000

0.00000 0.09968 -0.00000
-0.00000 -0.00000 -0.00000 1.00000
1.00000 1.00000 1.00000

-0.00000 0.09019 0.00000
0.00000 0.00000 0.00000 1.00000
1.00000 1.00000 1.00000

KEYFRAME: 1
TIMESTAMP: 0.04167
0.00000 0.96805 0.00000
-0.00000 -1.00000 -0.00000 0.00000
1.00000 1.00000 1.00000

0.00000 0.13707 0.00000
0.00000 0.00000 -0.08716 0.99619
1.00000 1.00000 1.00000

0.00000 0.10283 -0.00000
-0.00000 0.00000 -0.00000 1.00000
1.00000 1.00000 1.00000

-0.00000 0.12035 -0.00000
-0.00000 0.00000 -0.00000 1.00000
1.00000 1.00000 1.00000

-0.00000 0.12189 0.00000
-0.00000 0.00000 -0.00000 1.00000
1.00000 1.00000 1.00000

-0.00000 0.12681 -0.00000
0.00000 -0.00000 0.00000 1.00000
1.00000 1.00000 1.00000

0.00000 0.17266 -0.00000
0.00000 0.00000 -0.00000 1.00000
1.00000 1.00000 1.00000

-0.00000 0.04703 0.00000
0.00000 0.00000 0.00000 1.00000
1.00000 1.00000 1.00000

0.00000 0.03974 -0.00000
-0.00000 -0.00000 -0.00000 1.00000
1.00000 1.00000 1.00000

0.00000 0.04197 -0.00000
0.00000 0.00000 -0.00000 1.00000
1.00000 1.00000 1.00000

0.19972 0.09243 -0.00000
0.00000 0.00000 -0.70711 0.70711
1.00000 1.00000 1.00000

0.00000 0.08462 0.00000
0.42374 -0.43707 -0.55223 0.56961
1.00000 1.00000 1.00000

0.00000 0.10442 -0.00000
-0.00000 -0.70711 -0.00000 0.70711
1.00000 1.00000 1.00000

-0.00000 0.16374 0.00000
0.00000 -0.00000 0.00000 1.00000
1.00000 1.00000 1.00000

0.00000 0.07154 0.00000
0.03630 -0.00312 0.21335 0.97630
1.00000 1.00000 1.00000

-0.00000 0.07074 -0.00000
-0.00000 -0.00000 -0.00000 1.00000
1.00000 1.00000 1.00000

0.00000 0.18771 0.00000
-0.00000 -0.00000 -0.00000 1.00000
1.00000 1.00000 1.00000

-0.19972 0.09243 0.00000
0.00000 -0.00000 0.70711 0.70711
1.00000 1.00000 1.00000

-0.00000 0.08462 0.00000
-0.42374 -0.43707 0.55223 0.56961
1.00000 1.00000 1.00000

-0.00000 0.10442 -0.00000
-0.00000 0.70711 -0.00000 0.70711
1.00000 1.00000 1.00000

0.00000 0.16374 -0.00000
-0.00000 0.00000 -0.00000 1.00000
1.00000 1.00000 1.00000

0.00000 0.07154 0.00000
0.03630 -0.01632 -0.21275 0.97630
1.00000 1.00000 1.00000

-0.00000 0.07074 0.00000
-0.00000 -0.00000 0.00000 1.00000
1.00000 1.00000 1.00000

-0.00000 0.18771 0.00000
-0.00000 -0.00000 0.00000 1.00000
1.00000 1.00000 1.00000

0.12856 0.06322 0.00000
0.00000 0.01748 0.99985 0.00000
1.00000 1.00000 1.00000

0.00000 0.10283 0.00000
-0.60876 0.00000 0.00000 0.79335
1.00000 1.00000 1.00000

0.00000 0.29667 0.00000
-0.01496 -0.00000 0.00000 0.99989
1.00000 1.00000 1.00000

-0.00000 0.09968 0.00000
0.70711 -0.00000 -0.00000 0.70711
1.00000 1.00000 1.00000

0.00000 0.09019 0.00000
-0.00000 0.00000 0.00000 1.00000
1.00000 1.00000 1.00000

-0.12856 0.06322 -0.00000
-0.00000 -0.00246 1.00000 0.00000
1.00000 1.00000 1.00000

0.00000 0.10283 -0.00000
0.60876 -0.00000 0.00000 0.79335
1.00000 1.00000 1.00000

0.00000 0.29667 -0.00000
-0.00000 0.00000 0.00000 1.00000
1.00000 1.00000 1.00000

0.00000 0.09968 -0.00000
0.70711 0.00000 0.00000 0.70711
1.00000 1.00000 1.00000

-0.00000 0.09019 0.00000
0.00000 0.00000 -0.00000 1.00000
1.00000 1.00000 1.00000

KEYFRAME: 2
TIMESTAMP: 0.08333
0.00000 0.93680 0.00000
-0.00000 -1.00000 -0.00000 0.00000
1.00000 1.00000 1.00000

0.00000 0.13707 0.00000
-0.02727 0.00000 -0.07953 0.99646
1.00000 1.00000 1.00000

-0.00000 0.10283 0.00000
-0.00000 -0.00000 -0.00000 1.00000
1.00000 1.00000 1.00000

-0.00000 0.12035 -0.00000
-0.00000 -0.00000 -0.00000 1.00000
1.00000 1.00000 1.00000

-0.00000 0.12189 0.00000
-0.00000 -0.00000 -0.00000 1.00000
1.00000 1.00000 1.00000

0.00000 0.12681 -0.00000
0.00000 -0.00000 0.00000 1.00000
1.00000 1.00000 1.00000

-0.00000 0.17266 0.00000
-0.00000 -0.00000 -0.00000 1.00000
1.00000 1.00000 1.00000

-0.00000 0.04703 0.00000
-0.00000 -0.00000 -0.00000 1.00000
1.00000 1.00000 1.00000

0.00000 0.03974 0.00000
-0.00000 0.00000 -0.00000 1.00000
1.00000 1.00000 1.00000

-0.00000 0.04197 -0.00000
0.03727 0.00000 -0.00000 0.99931
1.00000 1.00000 1.00000

0.19972 0.09243 -0.00000
0.00000 0.00000 -0.70711 0.70711
1.00000 1.00000 1.00000

-0.00000 0.08462 -0.00000
0.40115 -0.41377 -0.56885 0.58675
1.00000 1.00000 1.00000

0.00000 0.10442 0.00000
0.00000 -0.70711 0.00000 0.70711
1.00000 1.00000 1.00000

0.00000 0.16374 -0.00000
0.00000 -0.00000 -0.00000 1.00000
1.00000 1.00000 1.00000

-0.00000 0.07154 0.00000
0.03073 -0.00308 0.18058 0.98308
1.00000 1.00000 1.00000

-0.00000 0.07074 -0.00000
0.00000 0.00000 -0.00000 1.00000
1.00000 1.00000 1.00000

0.00000 0.18771 0.00000
0.00000 0.00000 -0.00000 1.00000
1.00000 1.00000 1.00000

-0.19972 0.09243 0.00000
0.00000 -0.00000 0.70711 0.70711
1.00000 1.00000 1.00000

0.00000 0.08462 -0.00000
-0.40115 -0.41377 0.56885 0.58675
1.00000 1.00000 1.00000

0.00000 0.10442 0.00000
0.00000 0.70711 -0.00000 0.70711
1.00000 1.00000 1.00000

-0.00000 0.16374 -0.00000
-0.00000 0.00000 -0.00000 1.00000
1.00000 1.00000 1.00000

0.00000 0.07154 0.00000
0.03073 -0.01417 -0.18007 0.98307
1.00000 1.00000 1.00000

-0.00000 0.07074 0.00000
0.00000 0.00000 -0.00000 1.00000
1.00000 1.00000 1.00000

0.00000 0.18771 0.00000
0.00000 0.00000 -0.00000 1.00000
1.00000 1.00000 1.00000

0.12856 0.06322 0.00000
0.00000 0.01748 0.99985 0.00000
1.00000 1.00000 1.00000

0.00000 0.10283 0.00000
-0.57631 0.00000 0.00000 0.81723
1.00000 1.00000 1.00000

0.00000 0.29667 -0.00000
-0.01496 -0.00000 0.00000 0.99989
1.00000 1.00000 1.00000

-0.00000 0.09968 -0.00000
0.62109 -0.00000 -0.00000 0.78374
1.00000 1.00000 1.00000

0.00000 0.09019 0.00000
0.00000 0.00000 0.00000 1.00000
1.00000 1.00000 1.00000

-0.12856 0.06322 -0.00000
-0.00000 -0.00246 1.00000 0.00000
1.00000 1.00000 1.00000

0.00000 0.10283 0.00000
0.57631 -0.00000 0.00000 0.81723
1.00000 1.00000 1.00000

-0.00000 0.29667 0.00000
0.00000 0.00000 0.00000 1.00000
1.00000 1.00000 1.00000

0.00000 0.09968 0.00000
0.62109 -0.00000 0.00000 0.78374
1.00000 1.00000 1.00000

-0.00000 0.09019 -0.00000
0.00000 0.00000 -0.00000 1.00000
1.00000 1.00000 1.00000

KEYFRAME: 3
TIMESTAMP: 0.12500
0.00000 0.86805 0.00000
-0.00000 -1.00000 -0.00000 0.00000
1.00000 1.00000 1.00000

0.00000 0.13707 0.00000
-0.08741 0.00000 -0.05886 0.99443
1.00000 1.00000 1.00000

0.00000 0.10283 0.00000
-0.00000 0.00000 -0.00000 1.00000
1.00000 1.00000 1.00000

0.00000 0.12035 -0.00000
-0.00000 0.00000 -0.00000 1.00000
1.00000 1.00000 1.00000

0.00000 0.12189 0.00000
-0.00000 0.00000 -0.00000 1.00000
1.00000 1.00000 1.00000

0.00000 0.12681 0.00000
0.00000 -0.00000 -0.00000 1.00000
1.00000 1.00000 1.00000

-0.00000 0.17266 -0.00000
-0.00000 0.00000 -0.00000 1.00000
1.00000 1.00000 1.00000

0.00000 0.04703 0.00000
0.00000 0.00000 -0.00000 1.00000
1.00000 1.00000 1.00000

0.00000 0.03974 -0.00000
0.00000 -0.00000 -0.00000 1.00000
1.00000 1.00000 1.00000

0.00000 0.04197 0.00000
0.11967 -0.00000 -0.00000 0.99281
1.00000 1.00000 1.00000

0.19972 0.09243 -0.00000
0.00000 0.00000 -0.70711 0.70711
1.00000 1.00000 1.00000

-0.00000 0.08462 -0.00000
0.33203 -0.34248 -0.61177 0.63102
1.00000 1.00000 1.00000

-0.00000 0.10442 -0.00000
-0.00000 -0.70711 0.00000 0.70711
1.00000 1.00000 1.00000

-0.00000 0.16374 0.00000
0.00000 -0.00000 -0.00000 1.00000
1.00000 1.00000 1.00000

-0.00000 0.07154 0.00000
0.01826 -0.00275 0.10731 0.99405
1.00000 1.00000 1.00000

-0.00000 0.07074 0.00000
0.00000 0.00000 -0.00000 1.00000
1.00000 1.00000 1.00000

-0.00000 0.18771 0.00000
0.00000 0.00000 -0.00000 1.00000
1.00000 1.00000 1.00000

-0.19972 0.09243 -0.00000
0.00000 -0.00000 0.70711 0.70711
1.00000 1.00000 1.00000

-0.00000 0.08462 -0.00000
-0.33203 -0.34248 0.61177 0.63102
1.00000 1.00000 1.00000

-0.00000 0.10442 -0.00000
-0.00000 0.70711 0.00000 0.70711
1.00000 1.00000 1.00000

-0.00000 0.16374 0.00000
-0.00000 0.00000 -0.00000 1.00000
1.00000 1.00000 1.00000

-0.00000 0.07154 -0.00000
0.01826 -0.00915 -0.10701 0.99405
1.00000 1.00000 1.00000

0.00000 0.07074 -0.00000
0.00000 0.00000 -0.00000 1.00000
1.00000 1.00000 1.00000

0.00000 0.18771 -0.00000
0.00000 0.00000 -0.00000 1.00000
1.00000 1.00000 1.00000

0.12856 0.06322 0.00000
0.00000 0.01748 0.99985 0.00000
1.00000 1.00000 1.00000

0.00000 0.10283 0.00000
-0.47701 0.00000 0.00000 0.87890
1.00000 1.00000 1.00000

0.00000 0.29667 -0.00000
-0.01496 -0.00000 0.00000 0.99989
1.00000 1.00000 1.00000

0.00000 0.09968 0.00000
0.38268 -0.00000 -0.00000 0.92388
1.00000 1.00000 1.00000

0.00000 0.09019 -0.00000
0.00000 -0.00000 -0.00000 1.00000
1.00000 1.00000 1.00000

-0.12856 0.06322 -0.00000
-0.00000 -0.00246 1.00000 0.00000
1.00000 1.00000 1.00000

0.00000 0.10283 0.00000
0.47701 -0.00000 0.00000 0.87890
1.00000 1.00000 1.00000

-0.00000 0.29667 0.00000
0.00000 0.00000 0.00000 1.00000
1.00000 1.00000 1.00000

0.00000 0.09968 0.00000
0.38268 -0.00000 0.00000 0.92388
1.00000 1.00000 1.00000

-0.00000 0.09019 -0.00000
0.00000 0.00000 0.00000 1.00000
1.00000 1.00000 1.00000

KEYFRAME: 4
TIMESTAMP: 0.16667
0.00000 0.79930 0.00000
-0.00000 -1.00000 -0.00000 0.00000
1.00000 1.00000 1.00000

0.00000 0.13707 0.00000
-0.14698 0.00000 -0.03046 0.98867
1.00000 1.00000 1.00000

0.00000 0.10283 -0.00000
-0.00000 0.00000 0.00000 1.00000
1.00000 1.00000 1.00000

0.00000 0.12035 0.00000
-0.00000 0.00000 0.00000 1.00000
1.00000 1.00000 1.00000

0.00000 0.12189 -0.00000
-0.00000 0.00000 0.00000 1.00000
1.00000 1.00000 1.00000

-0.00000 0.12681 0.00000
0.00000 -0.00000 0.00000 1.00000
1.00000 1.00000 1.00000

0.00000 0.17266 -0.00000
0.00000 0.00000 0.00000 1.00000
1.00000 1.00000 1.00000

-0.00000 0.04703 -0.00000
0.00000 0.00000 -0.00000 1.00000
1.00000 1.00000 1.00000

0.00000 0.03974 0.00000
0.00000 -0.00000 -0.00000 1.00000
1.00000 1.00000 1.00000

-0.00000 0.04197 -0.00000
0.20125 -0.00000 0.00000 0.97954
1.00000 1.00000 1.00000

0.19972 0.09243 -0.00000
0.00000 0.00000 -0.70711 0.70711
1.00000 1.00000 1.00000

-0.00000 0.08462 -0.00000
0.20966 -0.21626 -0.66374 0.68463
1.00000 1.00000 1.00000

-0.00000 0.10442 0.00000
0.00000 -0.70711 0.00000 0.70711
1.00000 1.00000 1.00000

0.00000 0.16374 -0.00000
-0.00000 -0.00000 0.00000 1.00000
1.00000 1.00000 1.00000

-0.00000 0.07154 -0.00000
0.00569 -0.00181 0.03344 0.99942
1.00000 1.00000 1.00000

0.00000 0.07074 0.00000
-0.00000 -0.00000 0.00000 1.00000
1.00000 1.00000 1.00000

0.00000 0.18771 0.00000
-0.00000 -0.00000 0.00000 1.00000
1.00000 1.00000 1.00000

-0.19972 0.09243 -0.00000
0.00000 -0.00000 0.70711 0.70711
1.00000 1.00000 1.00000

-0.00000 0.08462 -0.00000
-0.20966 -0.21626 0.66374 0.68463
1.00000 1.00000 1.00000

0.00000 0.10442 -0.00000
-0.00000 0.70711 -0.00000 0.70711
1.00000 1.00000 1.00000

-0.00000 0.16374 -0.00000
-0.00000 0.00000 -0.00000 1.00000
1.00000 1.00000 1.00000

-0.00000 0.07154 -0.00000
0.00569 -0.00362 -0.03335 0.99942
1.00000 1.00000 1.00000

-0.00000 0.07074 -0.00000
-0.00000 -0.00000 -0.00000 1.00000
1.00000 1.00000 1.00000

-0.00000 0.18771 -0.00000
-0.00000 -0.00000 -0.00000 1.00000
1.00000 1.00000 1.00000

0.12856 0.06322 0.00000
0.00000 0.01748 0.99985 0.00000
1.00000 1.00000 1.00000

0.00000 0.10283 0.00000
-0.30121 0.00000 0.00000 0.95356
1.00000 1.00000 1.00000

-0.00000 0.29667 0.00000
-0.01496 -0.00000 0.00000 0.99989
1.00000 1.00000 1.00000

-0.00000 0.09968 0.00000
0.11502 -0.00000 -0.00000 0.99336
1.00000 1.00000 1.00000

0.00000 0.09019 0.00000
-0.00000 0.00000 -0.00000 1.00000
1.00000 1.00000 1.00000

-0.12856 0.06322 -0.00000
-0.00000 -0.00246 1.00000 0.00000
1.00000 1.00000 1.00000

0.00000 0.10283 0.00000
0.30121 -0.00000 0.00000 0.95356
1.00000 1.00000 1.00000

0.00000 0.29667 -0.00000
0.00000 0.00000 0.00000 1.00000
1.00000 1.00000 1.00000

-0.00000 0.09968 -0.00000
0.11502 -0.00000 0.00000 0.99336
1.00000 1.00000 1.00000

-0.00000 0.09019 -0.00000
0.00000 0.00000 -0.00000 1.00000
1.00000 1.00000 1.00000

KEYFRAME: 5
TIMESTAMP: 0.20833
0.00000 0.76805 0.00000
-0.00000 -1.00000 -0.00000 0.00000
1.00000 1.00000 1.00000

0.00000 0.13707 0.00000
-0.17365 0.00000 -0.00000 0.98481
1.00000 1.00000 1.00000

-0.00000 0.10283 0.00000
0.00000 -0.00000 0.00000 1.00000
1.00000 1.00000 1.00000

-0.00000 0.12035 0.00000
0.00000 -0.00000 0.00000 1.00000
1.00000 1.00000 1.00000

-0.00000 0.12189 0.00000
0.00000 -0.00000 0.00000 1.00000
1.00000 1.00000 1.00000

-0.00000 0.12681 0.00000
0.00000 -0.00000 0.00000 1.00000
1.00000 1.00000 1.00000

-0.00000 0.17266 -0.00000
0.00000 0.00000 0.00000 1.00000
1.00000 1.00000 1.00000

-0.00000 0.04703 0.00000
-0.00000 0.00000 0.00000 1.00000
1.00000 1.00000 1.00000

0.00000 0.03974 0.00000
-0.00000 -0.00000 -0.00000 1.00000
1.00000 1.00000 1.00000

0.00000 0.04197 0.00000
0.23762 -0.00000 0.00000 0.97136
1.00000 1.00000 1.00000

0.19972 0.09243 -0.00000
0.00000 0.00000 -0.70711 0.70711
1.00000 1.00000 1.00000

-0.00000 0.08462 0.00000
0.04205 -0.04337 -0.69480 0.71666
1.00000 1.00000 1.00000

0.00000 0.10442 -0.00000
0.00000 -0.70711 0.00000 0.70711
1.00000 1.00000 1.00000

-0.00000 0.16374 -0.00000
-0.00000 -0.00000 0.00000 1.00000
1.00000 1.00000 1.00000

0.00000 0.07154 -0.00000
-0.00000 -0.00000 -0.00000 1.00000
1.00000 1.00000 1.00000

0.00000 0.07074 -0.00000
-0.00000 -0.00000 -0.00000 1.00000
1.00000 1.00000 1.00000

0.00000 0.18771 -0.00000
-0.00000 -0.00000 -0.00000 1.00000
1.00000 1.00000 1.00000

-0.19972 0.09243 -0.00000
0.00000 -0.00000 0.70711 0.70711
1.00000 1.00000 1.00000

0.00000 0.08462 0.00000
-0.04205 -0.04337 0.69480 0.71666
1.00000 1.00000 1.00000

0.00000 0.10442 -0.00000
-0.00000 0.70711 0.00000 0.70711
1.00000 1.00000 1.00000

-0.00000 0.16374 0.00000
0.00000 0.00000 -0.00000 1.00000
1.00000 1.00000 1.00000

-0.00000 0.07154 0.00000
0.00000 -0.00000 -0.00000 1.00000
1.00000 1.00000 1.00000

0.00000 0.07074 0.00000
0.00000 -0.00000 -0.00000 1.00000
1.00000 1.00000 1.00000

0.00000 0.18771 0.00000
0.00000 -0.00000 -0.00000 1.00000
1.00000 1.00000 1.00000

0.12856 0.06322 0.00000
0.00000 0.01748 0.99985 0.00000
1.00000 1.00000 1.00000

0.00000 0.10283 0.00000
-0.06041 0.00000 0.00000 0.99817
1.00000 1.00000 1.00000

-0.00000 0.29667 -0.00000
-0.01496 -0.00000 0.00000 0.99989
1.00000 1.00000 1.00000

0.00000 0.09968 0.00000
0.00000 -0.00000 0.00000 1.00000
1.00000 1.00000 1.00000

0.00000 0.09019 0.00000
0.00000 0.00000 -0.00000 1.00000
1.00000 1.00000 1.00000

-0.12856 0.06322 -0.00000
-0.00000 -0.00246 1.00000 0.00000
1.00000 1.00000 1.00000

0.00000 0.10283 0.00000
0.06041 -0.00000 0.00000 0.99817
1.00000 1.00000 1.00000

0.00000 0.29667 0.00000
0.00000 0.00000 0.00000 1.00000
1.00000 1.00000 1.00000

0.00000 0.09968 -0.00000
-0.00000 -0.00000 -0.00000 1.00000
1.00000 1.00000 1.00000

-0.00000 0.09019 0.00000
0.00000 0.00000 0.00000 1.00000
1.00000 1.00000 1.00000

KEYFRAME: 6
TIMESTAMP: 0.25000
0.00000 0.78885 0.00000
-0.00000 -1.00000 -0.00000 0.00000
1.00000 1.00000 1.00000

0.00000 0.13707 0.00000
-0.15581 0.00000 0.02816 0.98739
1.00000 1.00000 1.00000

-0.00000 0.10283 0.00000
0.00000 -0.00000 0.00000 1.00000
1.00000 1.00000 1.00000

-0.00000 0.12035 0.00000
0.00000 -0.00000 0.00000 1.00000
1.00000 1.00000 1.00000

0.00000 0.12189 0.00000
0.00000 -0.00000 0.00000 1.00000
1.00000 1.00000 1.00000

-0.00000 0.12681 0.00000
0.00000 -0.00000 0.00000 1.00000
1.00000 1.00000 1.00000

0.00000 0.17266 -0.00000
0.00000 -0.00000 -0.00000 1.00000
1.00000 1.00000 1.00000

0.00000 0.04703 -0.00000
0.00000 -0.00000 -0.00000 1.00000
1.00000 1.00000 1.00000

0.00000 0.03974 0.00000
0.00000 -0.00000 -0.00000 1.00000
1.00000 1.00000 1.00000

0.00000 0.04197 0.00000
0.21348 -0.00000 0.00000 0.97695
1.00000 1.00000 1.00000

0.19972 0.09243 -0.00000
0.00000 0.00000 -0.70711 0.70711
1.00000 1.00000 1.00000

0.00000 0.08462 -0.00000
-0.13023 0.13433 -0.68378 0.70530
1.00000 1.00000 1.00000

-0.00000 0.10442 0.00000
0.00000 -0.70711 0.00000 0.70711
1.00000 1.00000 1.00000

-0.00000 0.16374 -0.00000
0.00000 -0.00000 -0.00000 1.00000
1.00000 1.00000 1.00000

0.00000 0.07154 -0.00000
0.00378 0.00320 0.02217 0.99974
1.00000 1.00000 1.00000

0.00000 0.07074 -0.00000
0.00000 -0.00000 -0.00000 1.00000
1.00000 1.00000 1.00000

0.00000 0.18771 -0.00000
0.00000 -0.00000 -0.00000 1.00000
1.00000 1.00000 1.00000

-0.19972 0.09243 -0.00000
0.00000 -0.00000 0.70711 0.70711
1.00000 1.00000 1.00000

0.00000 0.08462 0.00000
0.13023 0.13433 0.68378 0.70530
1.00000 1.00000 1.00000

0.00000 0.10442 0.00000
0.00000 0.70711 -0.00000 0.70711
1.00000 1.00000 1.00000

0.00000 0.16374 0.00000
0.00000 0.00000 0.00000 1.00000
1.00000 1.00000 1.00000

0.00000 0.07154 -0.00000
0.00378 0.00153 -0.02224 0.99974
1.00000 1.00000 1.00000

-0.00000 0.07074 -0.00000
0.00000 0.00000 0.00000 1.00000
1.00000 1.00000 1.00000

-0.00000 0.18771 -0.00000
0.00000 0.00000 0.00000 1.00000
1.00000 1.00000 1.00000

0.12856 0.06322 0.00000
0.00000 0.01748 0.99985 0.00000
1.00000 1.00000 1.00000

0.00000 0.10283 0.00000
0.18709 0.00000 0.00000 0.98234
1.00000 1.00000 1.00000

-0.00000 0.29667 0.00000
-0.01496 -0.00000 0.00000 0.99989
1.00000 1.00000 1.00000

-0.00000 0.09968 -0.00000
0.07563 -0.00000 -0.00000 0.99714
1.00000 1.00000 1.00000

0.00000 0.09019 0.00000
-0.00000 0.00000 0.00000 1.00000
1.00000 1.00000 1.00000

-0.12856 0.06322 -0.00000
-0.00000 -0.00246 1.00000 0.00000
1.00000 1.00000 1.00000

0.00000 0.10283 0.00000
-0.18709 -0.00000 0.00000 0.98234
1.00000 1.00000 1.00000

0.00000 0.29667 0.00000
0.00000 0.00000 0.00000 1.00000
1.00000 1.00000 1.00000

0.00000 0.09968 -0.00000
0.07563 -0.00000 0.00000 0.99714
1.00000 1.00000 1.00000

-0.00000 0.09019 0.00000
0.00000 0.00000 0.00000 1.00000
1.00000 1.00000 1.00000

KEYFRAME: 7
TIMESTAMP: 0.29167
0.00000 0.83845 0.00000
-0.00000 -1.00000 -0.00000 0.00000
1.00000 1.00000 1.00000

0.00000 0.13707 0.00000
-0.11291 0.00000 0.05230 0.99223
1.00000 1.00000 1.00000

0.00000 0.10283 -0.00000
-0.00000 0.00000 -0.00000 1.00000
1.00000 1.00000 1.00000

-0.00000 0.12035 -0.00000
-0.00000 0.00000 -0.00000 1.00000
1.00000 1.00000 1.00000

0.00000 0.12189 0.00000
-0.00000 0.00000 -0.00000 1.00000
1.00000 1.00000 1.00000

0.00000 0.12681 0.00000
-0.00000 -0.00000 -0.00000 1.00000
1.00000 1.00000 1.00000

0.00000 0.17266 -0.00000
-0.00000 0.00000 0.00000 1.00000
1.00000 1.00000 1.00000

0.00000 0.04703 -0.00000
-0.00000 0.00000 -0.00000 1.00000
1.00000 1.00000 1.00000

0.00000 0.03974 -0.00000
-0.00000 0.00000 -0.00000 1.00000
1.00000 1.00000 1.00000

0.00000 0.04197 -0.00000
0.15499 -0.00000 -0.00000 0.98792
1.00000 1.00000 1.00000

0.19972 0.09243 -0.00000
0.00000 0.00000 -0.70711 0.70711
1.00000 1.00000 1.00000

-0.00000 0.08462 -0.00000
-0.26756 0.27598 -0.64259 0.66281
1.00000 1.00000 1.00000

0.00000 0.10442 0.00000
0.00000 -0.70711 -0.00000 0.70711
1.00000 1.00000 1.00000

-0.00000 0.16374 0.00000
-0.00000 -0.00000 -0.00000 1.00000
1.00000 1.00000 1.00000

-0.00000 0.07154 -0.00000
0.01285 0.00747 0.07529 0.99705
1.00000 1.00000 1.00000

0.00000 0.07074 -0.00000
0.00000 0.00000 0.00000 1.00000
1.00000 1.00000 1.00000

0.00000 0.18771 -0.00000
0.00000 0.00000 0.00000 1.00000
1.00000 1.00000 1.00000

-0.19972 0.09243 -0.00000
0.00000 -0.00000 0.70711 0.70711
1.00000 1.00000 1.00000

0.00000 0.08462 -0.00000
0.26756 0.27598 0.64259 0.66281
1.00000 1.00000 1.00000

-0.00000 0.10442 -0.00000
-0.00000 0.70711 -0.00000 0.70711
1.00000 1.00000 1.00000

-0.00000 0.16374 -0.00000
0.00000 0.00000 -0.00000 1.00000
1.00000 1.00000 1.00000

-0.00000 0.07154 -0.00000
0.01285 0.00246 -0.07551 0.99706
1.00000 1.00000 1.00000

0.00000 0.07074 0.00000
-0.00000 0.00000 0.00000 1.00000
1.00000 1.00000 1.00000

0.00000 0.18771 0.00000
-0.00000 0.00000 0.00000 1.00000
1.00000 1.00000 1.00000

0.12856 0.06322 0.00000
0.00000 0.01748 0.99985 0.00000
1.00000 1.00000 1.00000

0.00000 0.10283 0.00000
0.38439 0.00000 0.00000 0.92317
1.00000 1.00000 1.00000

0.00000 0.29667 0.00000
-0.01496 -0.00000 0.00000 0.99989
1.00000 1.00000 1.00000

-0.00000 0.09968 0.00000
0.26741 -0.00000 -0.00000 0.96358
1.00000 1.00000 1.00000

0.00000 0.09019 -0.00000
0.00000 -0.00000 0.00000 1.00000
1.00000 1.00000 1.00000

-0.12856 0.06322 -0.00000
-0.00000 -0.00246 1.00000 0.00000
1.00000 1.00000 1.00000

0.00000 0.10283 0.00000
-0.38439 -0.00000 -0.00000 0.92317
1.00000 1.00000 1.00000

-0.00000 0.29667 0.00000
0.00000 0.00000 0.00000 1.00000
1.00000 1.00000 1.00000

-0.00000 0.09968 0.00000
0.26741 -0.00000 0.00000 0.96358
1.00000 1.00000 1.00000

0.00000 0.09019 0.00000
0.00000 0.00000 0.00000 1.00000
1.00000 1.00000 1.00000

KEYFRAME: 8
TIMESTAMP: 0.33333
0.00000 0.89765 0.00000
-0.00000 -1.00000 -0.00000 0.00000
1.00000 1.00000 1.00000

0.00000 0.13707 0.00000
-0.06133 0.00000 0.07101 0.99559
1.00000 1.00000 1.00000

-0.00000 0.10283 0.00000
-0.00000 0.00000 -0.00000 1.00000
1.00000 1.00000 1.00000

0.00000 0.12035 0.00000
-0.00000 0.00000 -0.00000 1.00000
1.00000 1.00000 1.00000

0.00000 0.12189 0.00000
-0.00000 0.00000 -0.00000 1.00000
1.00000 1.00000 1.00000

0.00000 0.12681 0.00000
-0.00000 -0.00000 0.00000 1.00000
1.00000 1.00000 1.00000

-0.00000 0.17266 -0.00000
-0.00000 0.00000 -0.00000 1.00000
1.00000 1.00000 1.00000

0.00000 0.04703 0.00000
-0.00000 0.00000 0.00000 1.00000
1.00000 1.00000 1.00000

-0.00000 0.03974 -0.00000
-0.00000 0.00000 0.00000 1.00000
1.00000 1.00000 1.00000

0.00000 0.04197 -0.00000
0.08419 -0.00000 0.00000 0.99645
1.00000 1.00000 1.00000

0.19972 0.09243 -0.00000
0.00000 0.00000 -0.70711 0.70711
1.00000 1.00000 1.00000

0.00000 0.08462 -0.00000
-0.35794 0.36921 -0.59698 0.61577
1.00000 1.00000 1.00000

0.00000 0.10442 0.00000
-0.00000 -0.70711 0.00000 0.70711
1.00000 1.00000 1.00000

-0.00000 0.16374 0.00000
-0.00000 -0.00000 0.00000 1.00000
1.00000 1.00000 1.00000

-0.00000 0.07154 -0.00000
0.02365 0.01177 0.13861 0.98999
1.00000 1.00000 1.00000

-0.00000 0.07074 -0.00000
-0.00000 -0.00000 -0.00000 1.00000
1.00000 1.00000 1.00000

-0.00000 0.18771 -0.00000
-0.00000 -0.00000 -0.00000 1.00000
1.00000 1.00000 1.00000

-0.19972 0.09243 -0.00000
0.00000 -0.00000 0.70711 0.70711
1.00000 1.00000 1.00000

0.00000 0.08462 -0.00000
0.35794 0.36921 0.59698 0.61577
1.00000 1.00000 1.00000

-0.00000 0.10442 -0.00000
0.00000 0.70711 -0.00000 0.70711
1.00000 1.00000 1.00000

0.00000 0.16374 0.00000
-0.00000 0.00000 0.00000 1.00000
1.00000 1.00000 1.00000

0.00000 0.07154 0.00000
0.02365 0.00294 -0.13900 0.99000
1.00000 1.00000 1.00000

-0.00000 0.07074 0.00000
0.00000 0.00000 0.00000 1.00000
1.00000 1.00000 1.00000

0.00000 0.18771 0.00000
0.00000 0.00000 0.00000 1.00000
1.00000 1.00000 1.00000

0.12856 0.06322 0.00000
0.00000 0.01748 0.99985 0.00000
1.00000 1.00000 1.00000

0.00000 0.10283 0.00000
0.51424 0.00000 0.00000 0.85765
1.00000 1.00000 1.00000

0.00000 0.29667 -0.00000
-0.01496 -0.00000 0.00000 0.99989
1.00000 1.00000 1.00000

-0.00000 0.09968 0.00000
0.49227 -0.00000 -0.00000 0.87044
1.00000 1.00000 1.00000

-0.00000 0.09019 -0.00000
-0.00000 -0.00000 0.00000 1.00000
1.00000 1.00000 1.00000

-0.12856 0.06322 -0.00000
-0.00000 -0.00246 1.00000 0.00000
1.00000 1.00000 1.00000

0.00000 0.10283 -0.00000
-0.51424 -0.00000 -0.00000 0.85765
1.00000 1.00000 1.00000

0.00000 0.29667 0.00000
-0.00000 0.00000 -0.00000 1.00000
1.00000 1.00000 1.00000

-0.00000 0.09968 0.00000
0.49227 0.00000 0.00000 0.87044
1.00000 1.00000 1.00000

0.00000 0.09019 -0.00000
0.00000 0.00000 0.00000 1.00000
1.00000 1.00000 1.00000

KEYFRAME: 9
TIMESTAMP: 0.37500
0.00000 0.94725 0.00000
-0.00000 -1.00000 -0.00000 0.00000
1.00000 1.00000 1.00000

0.00000 0.13707 0.00000
-0.01808 0.00000 0.08297 0.99639
1.00000 1.00000 1.00000

0.00000 0.10283 0.00000
-0.00000 -0.00000 0.00000 1.00000
1.00000 1.00000 1.00000

0.00000 0.12035 -0.00000
-0.00000 -0.00000 0.00000 1.00000
1.00000 1.00000 1.00000

-0.00000 0.12189 -0.00000
-0.00000 -0.00000 0.00000 1.00000
1.00000 1.00000 1.00000

0.00000 0.12681 -0.00000
0.00000 -0.00000 0.00000 1.00000
1.00000 1.00000 1.00000

0.00000 0.17266 -0.00000
-0.00000 0.00000 -0.00000 1.00000
1.00000 1.00000 1.00000

-0.00000 0.04703 -0.00000
-0.00000 0.00000 -0.00000 1.00000
1.00000 1.00000 1.00000

0.00000 0.03974 -0.00000
-0.00000 0.00000 0.00000 1.00000
1.00000 1.00000 1.00000

0.00000 0.04197 -0.00000
0.02478 0.00000 -0.00000 0.99969
1.00000 1.00000 1.00000

0.19972 0.09243 -0.00000
0.00000 0.00000 -0.70711 0.70711
1.00000 1.00000 1.00000

-0.00000 0.08462 -0.00000
-0.40763 0.42045 -0.56423 0.58198
1.00000 1.00000 1.00000

0.00000 0.10442 0.00000
0.00000 -0.70711 0.00000 0.70711
1.00000 1.00000 1.00000

-0.00000 0.16374 -0.00000
0.00000 -0.00000 0.00000 1.00000
1.00000 1.00000 1.00000

0.00000 0.07154 -0.00000
0.03260 0.01503 0.19104 0.98092
1.00000 1.00000 1.00000

0.00000 0.07074 0.00000
0.00000 -0.00000 0.00000 1.00000
1.00000 1.00000 1.00000

-0.00000 0.18771 0.00000
0.00000 -0.00000 0.00000 1.00000
1.00000 1.00000 1.00000

-0.19972 0.09243 0.00000
0.00000 -0.00000 0.70711 0.70711
1.00000 1.00000 1.00000

0.00000 0.08462 -0.00000
0.40763 0.42045 0.56423 0.58198
1.00000 1.00000 1.00000

-0.00000 0.10442 0.00000
-0.00000 0.70711 0.00000 0.70711
1.00000 1.00000 1.00000

-0.00000 0.16374 -0.00000
0.00000 0.00000 0.00000 1.00000
1.00000 1.00000 1.00000

0.00000 0.07154 -0.00000
0.03260 0.00310 -0.19159 0.98093
1.00000 1.00000 1.00000

0.00000 0.07074 -0.00000
-0.00000 0.00000 0.00000 1.00000
1.00000 1.00000 1.00000

0.00000 0.18771 -0.00000
-0.00000 0.00000 0.00000 1.00000
1.00000 1.00000 1.00000

0.12856 0.06322 0.00000
0.00000 0.01748 0.99985 0.00000
1.00000 1.00000 1.00000

0.00000 0.10283 0.00000
0.58561 0.00000 0.00000 0.81059
1.00000 1.00000 1.00000

0.00000 0.29667 0.00000
-0.01496 -0.00000 0.00000 0.99989
1.00000 1.00000 1.00000

0.00000 0.09968 0.00000
0.65160 -0.00000 -0.00000 0.75856
1.00000 1.00000 1.00000

0.00000 0.09019 -0.00000
-0.00000 0.00000 0.00000 1.00000
1.00000 1.00000 1.00000

-0.12856 0.06322 -0.00000
-0.00000 -0.00246 1.00000 0.00000
1.00000 1.00000 1.00000

0.00000 0.10283 0.00000
-0.58561 -0.00000 -0.00000 0.81059
1.00000 1.00000 1.00000

-0.00000 0.29667 0.00000
0.00000 0.00000 0.00000 1.00000
1.00000 1.00000 1.00000

-0.00000 0.09968 0.00000
0.65160 -0.00000 0.00000 0.75856
1.00000 1.00000 1.00000

0.00000 0.09019 0.00000
0.00000 0.00000 0.00000 1.00000
1.00000 1.00000 1.00000

KEYFRAME: 10
TIMESTAMP: 0.41667
0.00000 0.96805 0.00000
-0.00000 -1.00000 -0.00000 0.00000
1.00000 1.00000 1.00000

0.00000 0.13707 0.00000
-0.00000 0.00000 0.08716 0.99619
1.00000 1.00000 1.00000

-0.00000 0.10283 0.00000
0.00000 0.00000 0.00000 1.00000
1.00000 1.00000 1.00000

0.00000 0.12035 0.00000
0.00000 0.00000 0.00000 1.00000
1.00000 1.00000 1.00000

0.00000 0.12189 0.00000
0.00000 0.00000 0.00000 1.00000
1.00000 1.00000 1.00000

0.00000 0.12681 0.00000
-0.00000 -0.00000 -0.00000 1.00000
1.00000 1.00000 1.00000

-0.00000 0.17266 0.00000
-0.00000 0.00000 0.00000 1.00000
1.00000 1.00000 1.00000

0.00000 0.04703 -0.00000
-0.00000 0.00000 -0.00000 1.00000
1.00000 1.00000 1.00000

-0.00000 0.03974 0.00000
0.00000 -0.00000 0.00000 1.00000
1.00000 1.00000 1.00000

-0.00000 0.04197 0.00000
-0.00000 0.00000 0.00000 1.00000
1.00000 1.00000 1.00000

0.19972 0.09243 -0.00000
0.00000 0.00000 -0.70711 0.70711
1.00000 1.00000 1.00000

0.00000 0.08462 -0.00000
-0.42374 0.43707 -0.55223 0.56961
1.00000 1.00000 1.00000

0.00000 0.10442 -0.00000
-0.00000 -0.70711 0.00000 0.70711
1.00000 1.00000 1.00000

-0.00000 0.16374 0.00000
-0.00000 -0.00000 0.00000 1.00000
1.00000 1.00000 1.00000

0.00000 0.07154 0.00000
0.03630 0.01632 0.21275 0.97630
1.00000 1.00000 1.00000

0.00000 0.07074 0.00000
-0.00000 0.00000 -0.00000 1.00000
1.00000 1.00000 1.00000

-0.00000 0.18771 0.00000
-0.00000 0.00000 -0.00000 1.00000
1.00000 1.00000 1.00000

-0.19972 0.09243 0.00000
0.00000 -0.00000 0.70711 0.70711
1.00000 1.00000 1.00000

-0.00000 0.08462 0.00000
0.42374 0.43707 0.55223 0.56961
1.00000 1.00000 1.00000

-0.00000 0.10442 0.00000
-0.00000 0.70711 0.00000 0.70711
1.00000 1.00000 1.00000

0.00000 0.16374 0.00000
0.00000 0.00000 -0.00000 1.00000
1.00000 1.00000 1.00000

-0.00000 0.07154 0.00000
0.03630 0.00312 -0.21335 0.97630
1.00000 1.00000 1.00000

0.00000 0.07074 0.00000
-0.00000 -0.00000 -0.00000 1.00000
1.00000 1.00000 1.00000

-0.00000 0.18771 -0.00000
-0.00000 -0.00000 -0.00000 1.00000
1.00000 1.00000 1.00000

0.12856 0.06322 0.00000
0.00000 0.01748 0.99985 0.00000
1.00000 1.00000 1.00000

0.00000 0.10283 0.00000
0.60876 -0.00000 -0.00000 0.79335
1.00000 1.00000 1.00000

0.00000 0.29667 0.00000
-0.01496 -0.00000 0.00000 0.99989
1.00000 1.00000 1.00000

-0.00000 0.09968 -0.00000
0.70711 -0.00000 -0.00000 0.70711
1.00000 1.00000 1.00000

0.00000 0.09019 0.00000
0.00000 -0.00000 -0.00000 1.00000
1.00000 1.00000 1.00000

-0.12856 0.06322 -0.00000
-0.00000 -0.00246 1.00000 0.00000
1.00000 1.00000 1.00000

0.00000 0.10283 -0.00000
-0.60876 -0.00000 -0.00000 0.79335
1.00000 1.00000 1.00000

0.00000 0.29667 0.00000
-0.00000 0.00000 0.00000 1.00000
1.00000 1.00000 1.00000

-0.00000 0.09968 -0.00000
0.70711 -0.00000 0.00000 0.70711
1.00000 1.00000 1.00000

-0.00000 0.09019 0.00000
-0.00000 0.00000 -0.00000 1.00000
1.00000 1.00000 1.00000

KEYFRAME: 11
TIMESTAMP: 0.45833
0.00000 0.94725 0.00000
-0.00000 -1.00000 -0.00000 0.00000
1.00000 1.00000 1.00000

0.00000 0.13707 0.00000
-0.01809 0.00000 0.08239 0.99644
1.00000 1.00000 1.00000

0.00000 0.10283 -0.00000
-0.00000 0.00000 -0.00000 1.00000
1.00000 1.00000 1.00000

-0.00000 0.12035 -0.00000
-0.00000 0.00000 -0.00000 1.00000
1.00000 1.00000 1.00000

0.00000 0.12189 0.00000
-0.00000 0.00000 -0.00000 1.00000
1.00000 1.00000 1.00000

0.00000 0.12681 0.00000
0.00000 -0.00000 -0.00000 1.00000
1.00000 1.00000 1.00000

-0.00000 0.17266 -0.00000
-0.00000 0.00000 0.00000 1.00000
1.00000 1.00000 1.00000

0.00000 0.04703 0.00000
-0.00000 0.00000 0.00000 1.00000
1.00000 1.00000 1.00000

0.00000 0.03974 -0.00000
-0.00000 0.00000 0.00000 1.00000
1.00000 1.00000 1.00000

-0.00000 0.04197 -0.00000
0.03975 0.00000 0.00000 0.99921
1.00000 1.00000 1.00000

0.19972 0.09243 -0.00000
0.00000 0.00000 -0.70711 0.70711
1.00000 1.00000 1.00000

-0.00000 0.08462 0.00000
-0.40833 0.42118 -0.56372 0.58146
1.00000 1.00000 1.00000

-0.00000 0.10442 0.00000
-0.00000 -0.70711 -0.00000 0.70711
1.00000 1.00000 1.00000

0.00000 0.16374 -0.00000
0.00000 -0.00000 0.00000 1.00000
1.00000 1.00000 1.00000

0.00000 0.07154 -0.00000
0.03260 0.01502 0.19104 0.98093
1.00000 1.00000 1.00000

0.00000 0.07074 -0.00000
0.00000 0.00000 -0.00000 1.00000
1.00000 1.00000 1.00000

-0.00000 0.18771 -0.00000
0.00000 0.00000 -0.00000 1.00000
1.00000 1.00000 1.00000

-0.19972 0.09243 0.00000
0.00000 -0.00000 0.70711 0.70711
1.00000 1.00000 1.00000

0.00000 0.08462 0.00000
0.40833 0.42118 0.56372 0.58146
1.00000 1.00000 1.00000

-0.00000 0.10442 0.00000
0.00000 0.70711 0.00000 0.70711
1.00000 1.00000 1.00000

0.00000 0.16374 -0.00000
-0.00000 0.00000 0.00000 1.00000
1.00000 1.00000 1.00000

0.00000 0.07154 0.00000
0.03260 0.00310 -0.19159 0.98093
1.00000 1.00000 1.00000

-0.00000 0.07074 -0.00000
-0.00000 -0.00000 -0.00000 1.00000
1.00000 1.00000 1.00000

-0.00000 0.18771 0.00000
-0.00000 -0.00000 -0.00000 1.00000
1.00000 1.00000 1.00000

0.12856 0.06322 0.00000
0.00000 0.01748 0.99985 0.00000
1.00000 1.00000 1.00000

0.00000 0.10283 0.00000
0.58663 -0.00000 -0.00000 0.80986
1.00000 1.00000 1.00000

0.00000 0.29667 0.00000
-0.01496 -0.00000 0.00000 0.99989
1.00000 1.00000 1.00000

0.00000 0.09968 -0.00000
0.65160 -0.00000 -0.00000 0.75856
1.00000 1.00000 1.00000

0.00000 0.09019 0.00000
0.00000 0.00000 -0.00000 1.00000
1.00000 1.00000 1.00000

-0.12856 0.06322 -0.00000
-0.00000 -0.00246 1.00000 0.00000
1.00000 1.00000 1.00000

0.00000 0.10283 0.00000
-0.58663 -0.00000 -0.00000 0.80986
1.00000 1.00000 1.00000

0.00000 0.29667 0.00000
0.00000 0.00000 -0.00000 1.00000
1.00000 1.00000 1.00000

0.00000 0.09968 -0.00000
0.65160 -0.00000 0.00000 0.75856
1.00000 1.00000 1.00000

-0.00000 0.09019 -0.00000
0.00000 0.00000 0.00000 1.00000
1.00000 1.00000 1.00000

KEYFRAME: 12
TIMESTAMP: 0.50000
0.00000 0.89765 0.00000
-0.00000 -1.00000 -0.00000 0.00000
1.00000 1.00000 1.00000

0.00000 0.13707 0.00000
-0.06134 0.00000 0.06927 0.99571
1.00000 1.00000 1.00000

-0.00000 0.10283 -0.00000
-0.00000 0.00000 0.00000 1.00000
1.00000 1.00000 1.00000

0.00000 0.12035 0.00000
-0.00000 0.00000 0.00000 1.00000
1.00000 1.00000 1.00000

0.00000 0.12189 0.00000
-0.00000 0.00000 0.00000 1.00000
1.00000 1.00000 1.00000

0.00000 0.12681 -0.00000
-0.00000 -0.00000 -0.00000 1.00000
1.00000 1.00000 1.00000

0.00000 0.17266 -0.00000
-0.00000 0.00000 0.00000 1.00000
1.00000 1.00000 1.00000

-0.00000 0.04703 -0.00000
-0.00000 0.00000 -0.00000 1.00000
1.00000 1.00000 1.00000

0.00000 0.03974 -0.00000
-0.00000 0.00000 -0.00000 1.00000
1.00000 1.00000 1.00000

0.00000 0.04197 -0.00000
0.13592 0.00000 -0.00000 0.99072
1.00000 1.00000 1.00000

0.19972 0.09243 -0.00000
0.00000 0.00000 -0.70711 0.70711
1.00000 1.00000 1.00000

0.00000 0.08462 -0.00000
-0.36150 0.37287 -0.59484 0.61356
1.00000 1.00000 1.00000

-0.00000 0.10442 -0.00000
0.00000 -0.70711 -0.00000 0.70711
1.00000 1.00000 1.00000

0.00000 0.16374 -0.00000
0.00000 -0.00000 0.00000 1.00000
1.00000 1.00000 1.00000

-0.00000 0.07154 -0.00000
0.02365 0.01172 0.13861 0.99000
1.00000 1.00000 1.00000

-0.00000 0.07074 0.00000
0.00000 0.00000 -0.00000 1.00000
1.00000 1.00000 1.00000

-0.00000 0.18771 -0.00000
0.00000 0.00000 -0.00000 1.00000
1.00000 1.00000 1.00000

-0.19972 0.09243 0.00000
0.00000 -0.00000 0.70711 0.70711
1.00000 1.00000 1.00000

0.00000 0.08462 -0.00000
0.36150 0.37287 0.59484 0.61356
1.00000 1.00000 1.00000

-0.00000 0.10442 -0.00000
-0.00000 0.70711 -0.00000 0.70711
1.00000 1.00000 1.00000

-0.00000 0.16374 -0.00000
0.00000 0.00000 -0.00000 1.00000
1.00000 1.00000 1.00000

-0.00000 0.07154 -0.00000
0.02365 0.00294 -0.13900 0.99000
1.00000 1.00000 1.00000

0.00000 0.07074 0.00000
-0.00000 -0.00000 -0.00000 1.00000
1.00000 1.00000 1.00000

0.00000 0.18771 -0.00000
-0.00000 -0.00000 -0.00000 1.00000
1.00000 1.00000 1.00000

0.12856 0.06322 0.00000
0.00000 0.01748 0.99985 0.00000
1.00000 1.00000 1.00000

0.00000 0.10283 0.00000
0.51934 -0.00000 -0.00000 0.85457
1.00000 1.00000 1.00000

0.00000 0.29667 0.00000
-0.01496 -0.00000 0.00000 0.99989
1.00000 1.00000 1.00000

0.00000 0.09968 -0.00000
0.49227 -0.00000 -0.00000 0.87044
1.00000 1.00000 1.00000

-0.00000 0.09019 0.00000
0.00000 0.00000 -0.00000 1.00000
1.00000 1.00000 1.00000

-0.12856 0.06322 -0.00000
-0.00000 -0.00246 1.00000 0.00000
1.00000 1.00000 1.00000

0.00000 0.10283 -0.00000
-0.51934 -0.00000 -0.00000 0.85457
1.00000 1.00000 1.00000

0.00000 0.29667 0.00000
-0.00000 0.00000 -0.00000 1.00000
1.00000 1.00000 1.00000

0.00000 0.09968 -0.00000
0.49227 -0.00000 0.00000 0.87044
1.00000 1.00000 1.00000

-0.00000 0.09019 -0.00000
0.00000 0.00000 0.00000 1.00000
1.00000 1.00000 1.00000

KEYFRAME: 13
TIMESTAMP: 0.54167
0.00000 0.83845 0.00000
-0.00000 -1.00000 -0.00000 0.00000
1.00000 1.00000 1.00000

0.00000 0.13707 0.00000
-0.11293 0.00000 0.04968 0.99236
1.00000 1.00000 1.00000

0.00000 0.10283 0.00000
-0.00000 0.00000 -0.00000 1.00000
1.00000 1.00000 1.00000

0.00000 0.12035 0.00000
-0.00000 0.00000 -0.00000 1.00000
1.00000 1.00000 1.00000

0.00000 0.12189 -0.00000
-0.00000 0.00000 -0.00000 1.00000
1.00000 1.00000 1.00000

0.00000 0.12681 -0.00000
0.00000 -0.00000 -0.00000 1.00000
1.00000 1.00000 1.00000

0.00000 0.17266 0.00000
0.00000 0.00000 -0.00000 1.00000
1.00000 1.00000 1.00000

0.00000 0.04703 0.00000
0.00000 0.00000 -0.00000 1.00000
1.00000 1.00000 1.00000

0.00000 0.03974 0.00000
0.00000 0.00000 -0.00000 1.00000
1.00000 1.00000 1.00000

0.00000 0.04197 0.00000
0.25022 0.00000 -0.00000 0.96819
1.00000 1.00000 1.00000

0.19972 0.09243 -0.00000
0.00000 0.00000 -0.70711 0.70711
1.00000 1.00000 1.00000

-0.00000 0.08462 -0.00000
-0.27811 0.28686 -0.63810 0.65818
1.00000 1.00000 1.00000

0.00000 0.10442 0.00000
0.00000 -0.70711 -0.00000 0.70711
1.00000 1.00000 1.00000

-0.00000 0.16374 -0.00000
-0.00000 -0.00000 -0.00000 1.00000
1.00000 1.00000 1.00000

-0.00000 0.07154 0.00000
0.01285 0.00740 0.07529 0.99705
1.00000 1.00000 1.00000

-0.00000 0.07074 0.00000
0.00000 0.00000 -0.00000 1.00000
1.00000 1.00000 1.00000

0.00000 0.18771 0.00000
0.00000 0.00000 -0.00000 1.00000
1.00000 1.00000 1.00000

-0.19972 0.09243 0.00000
0.00000 -0.00000 0.70711 0.70711
1.00000 1.00000 1.00000

-0.00000 0.08462 -0.00000
0.27811 0.28686 0.63810 0.65818
1.00000 1.00000 1.00000

0.00000 0.10442 0.00000
-0.00000 0.70711 0.00000 0.70711
1.00000 1.00000 1.00000

0.00000 0.16374 -0.00000
0.00000 0.00000 -0.00000 1.00000
1.00000 1.00000 1.00000

0.00000 0.07154 -0.00000
0.01285 0.00246 -0.07551 0.99706
1.00000 1.00000 1.00000

-0.00000 0.07074 -0.00000
0.00000 -0.00000 0.00000 1.00000
1.00000 1.00000 1.00000

0.00000 0.18771 0.00000
0.00000 -0.00000 0.00000 1.00000
1.00000 1.00000 1.00000

0.12856 0.06322 0.00000
0.00000 0.01748 0.99985 0.00000
1.00000 1.00000 1.00000

0.00000 0.10283 0.00000
0.39954 -0.00000 -0.00000 0.91671
1.00000 1.00000 1.00000

0.00000 0.29667 0.00000
-0.01496 -0.00000 0.00000 0.99989
1.00000 1.00000 1.00000

-0.00000 0.09968 0.00000
0.26741 -0.00000 -0.00000 0.96358
1.00000 1.00000 1.00000

-0.00000 0.09019 -0.00000
0.00000 0.00000 -0.00000 1.00000
1.00000 1.00000 1.00000

-0.12856 0.06322 -0.00000
-0.00000 -0.00246 1.00000 0.00000
1.00000 1.00000 1.00000

0.00000 0.10283 0.00000
-0.39954 -0.00000 -0.00000 0.91671
1.00000 1.00000 1.00000

-0.00000 0.29667 0.00000
-0.00000 0.00000 0.00000 1.00000
1.00000 1.00000 1.00000

-0.00000 0.09968 0.00000
0.26741 -0.00000 0.00000 0.96358
1.00000 1.00000 1.00000

0.00000 0.09019 -0.00000
0.00000 0.00000 -0.00000 1.00000
1.00000 1.00000 1.00000

KEYFRAME: 14
TIMESTAMP: 0.58333
0.00000 0.78885 0.00000
-0.00000 -1.00000 -0.00000 0.00000
1.00000 1.00000 1.00000

0.00000 0.13707 0.00000
-0.15582 -0.00000 0.02584 0.98745
1.00000 1.00000 1.00000

0.00000 0.10283 0.00000
-0.00000 0.00000 0.00000 1.00000
1.00000 1.00000 1.00000

-0.00000 0.12035 -0.00000
-0.00000 0.00000 0.00000 1.00000
1.00000 1.00000 1.00000

-0.00000 0.12189 -0.00000
-0.00000 0.00000 0.00000 1.00000
1.00000 1.00000 1.00000

-0.00000 0.12681 -0.00000
-0.00000 -0.00000 0.00000 1.00000
1.00000 1.00000 1.00000

0.00000 0.17266 0.00000
-0.00000 0.00000 -0.00000 1.00000
1.00000 1.00000 1.00000

-0.00000 0.04703 0.00000
0.00000 0.00000 -0.00000 1.00000
1.00000 1.00000 1.00000

0.00000 0.03974 0.00000
0.00000 -0.00000 -0.00000 1.00000
1.00000 1.00000 1.00000

0.00000 0.04197 0.00000
0.34242 0.00000 -0.00000 0.93955
1.00000 1.00000 1.00000

0.19972 0.09243 0.00000
0.00000 0.00000 -0.70711 0.70711
1.00000 1.00000 1.00000

-0.00000 0.08462 -0.00000
-0.15417 0.15902 -0.67878 0.70014
1.00000 1.00000 1.00000

-0.00000 0.10442 0.00000
0.00000 -0.70711 0.00000 0.70711
1.00000 1.00000 1.00000

-0.00000 0.16374 0.00000
0.00000 -0.00000 -0.00000 1.00000
1.00000 1.00000 1.00000

-0.00000 0.07154 0.00000
0.00378 0.00314 0.02217 0.99974
1.00000 1.00000 1.00000

0.00000 0.07074 -0.00000
-0.00000 0.00000 0.00000 1.00000
1.00000 1.00000 1.00000

0.00000 0.18771 -0.00000
-0.00000 0.00000 0.00000 1.00000
1.00000 1.00000 1.00000

-0.19972 0.09243 0.00000
0.00000 -0.00000 0.70711 0.70711
1.00000 1.00000 1.00000

-0.00000 0.08462 0.00000
0.15417 0.15902 0.67878 0.70014
1.00000 1.00000 1.00000

0.00000 0.10442 0.00000
-0.00000 0.70711 -0.00000 0.70711
1.00000 1.00000 1.00000

-0.00000 0.16374 0.00000
0.00000 0.00000 -0.00000 1.00000
1.00000 1.00000 1.00000

0.00000 0.07154 -0.00000
0.00378 0.00153 -0.02224 0.99974
1.00000 1.00000 1.00000

-0.00000 0.07074 0.00000
0.00000 -0.00000 -0.00000 1.00000
1.00000 1.00000 1.00000

-0.00000 0.18771 0.00000
0.00000 -0.00000 -0.00000 1.00000
1.00000 1.00000 1.00000

0.12856 0.06322 0.00000
0.00000 0.01748 0.99985 0.00000
1.00000 1.00000 1.00000

0.00000 0.10283 0.00000
0.22149 -0.00000 -0.00000 0.97516
1.00000 1.00000 1.00000

0.00000 0.29667 0.00000
-0.01496 -0.00000 0.00000 0.99989
1.00000 1.00000 1.00000

-0.00000 0.09968 0.00000
0.07563 -0.00000 -0.00000 0.99714
1.00000 1.00000 1.00000

0.00000 0.09019 -0.00000
0.00000 0.00000 -0.00000 1.00000
1.00000 1.00000 1.00000

-0.12856 0.06322 -0.00000
-0.00000 -0.00246 1.00000 0.00000
1.00000 1.00000 1.00000

0.00000 0.10283 0.00000
-0.22149 -0.00000 -0.00000 0.97516
1.00000 1.00000 1.00000

0.00000 0.29667 0.00000
-0.00000 0.00000 -0.00000 1.00000
1.00000 1.00000 1.00000

0.00000 0.09968 0.00000
0.07563 -0.00000 0.00000 0.99714
1.00000 1.00000 1.00000

0.00000 0.09019 -0.00000
-0.00000 0.00000 -0.00000 1.00000
1.00000 1.00000 1.00000

KEYFRAME: 15
TIMESTAMP: 0.62500
0.00000 0.76805 0.00000
-0.00000 -1.00000 -0.00000 0.00000
1.00000 1.00000 1.00000

0.00000 0.13707 0.00000
-0.17365 0.00000 -0.00000 0.98481
1.00000 1.00000 1.00000

-0.00000 0.10283 0.00000
0.00000 -0.00000 0.00000 1.00000
1.00000 1.00000 1.00000

-0.00000 0.12035 0.00000
0.00000 -0.00000 0.00000 1.00000
1.00000 1.00000 1.00000

-0.00000 0.12189 0.00000
0.00000 -0.00000 0.00000 1.00000
1.00000 1.00000 1.00000

-0.00000 0.12681 0.00000
0.00000 -0.00000 0.00000 1.00000
1.00000 1.00000 1.00000

-0.00000 0.17266 -0.00000
0.00000 0.00000 0.00000 1.00000
1.00000 1.00000 1.00000

-0.00000 0.04703 0.00000
-0.00000 0.00000 0.00000 1.00000
1.00000 1.00000 1.00000

0.00000 0.03974 0.00000
-0.00000 -0.00000 -0.00000 1.00000
1.00000 1.00000 1.00000

0.00000 0.04197 0.00000
0.37949 -0.00000 0.00000 0.92520
1.00000 1.00000 1.00000

0.19972 0.09243 -0.00000
0.00000 0.00000 -0.70711 0.70711
1.00000 1.00000 1.00000

-0.00000 0.08462 0.00000
0.00000 -0.00000 -0.69607 0.71797
1.00000 1.00000 1.00000

0.00000 0.10442 0.00000
-0.00000 -0.70711 -0.00000 0.70711
1.00000 1.00000 1.00000

0.00000 0.16374 -0.00000
0.00000 -0.00000 -0.00000 1.00000
1.00000 1.00000 1.00000

0.00000 0.07154 -0.00000
0.00000 -0.00000 -0.00000 1.00000
1.00000 1.00000 1.00000

-0.00000 0.07074 0.00000
0.00000 -0.00000 -0.00000 1.00000
1.00000 1.00000 1.00000

0.00000 0.18771 -0.00000
0.00000 -0.00000 -0.00000 1.00000
1.00000 1.00000 1.00000

-0.19972 0.09243 -0.00000
0.00000 -0.00000 0.70711 0.70711
1.00000 1.00000 1.00000

0.00000 0.08462 0.00000
-0.00000 -0.00000 0.69607 0.71797
1.00000 1.00000 1.00000

-0.00000 0.10442 -0.00000
0.00000 0.70711 0.00000 0.70711
1.00000 1.00000 1.00000

-0.00000 0.16374 0.00000
0.00000 0.00000 0.00000 1.00000
1.00000 1.00000 1.00000

0.00000 0.07154 0.00000
0.00000 0.00000 0.00000 1.00000
1.00000 1.00000 1.00000

0.00000 0.07074 -0.00000
0.00000 0.00000 0.00000 1.00000
1.00000 1.00000 1.00000

0.00000 0.18771 -0.00000
0.00000 0.00000 0.00000 1.00000
1.00000 1.00000 1.00000

0.12856 0.06322 0.00000
0.00000 0.01748 0.99985 0.00000
1.00000 1.00000 1.00000

0.00000 0.10283 0.00000
-0.00000 -0.00000 0.00000 1.00000
1.00000 1.00000 1.00000

0.00000 0.29667 -0.00000
-0.01496 -0.00000 0.00000 0.99989
1.00000 1.00000 1.00000

0.00000 0.09968 -0.00000
-0.00000 -0.00000 -0.00000 1.00000
1.00000 1.00000 1.00000

0.00000 0.09019 -0.00000
-0.00000 0.00000 -0.00000 1.00000
1.00000 1.00000 1.00000

-0.12856 0.06322 -0.00000
-0.00000 -0.00246 1.00000 0.00000
1.00000 1.00000 1.00000

0.00000 0.10283 0.00000
0.00000 -0.00000 0.00000 1.00000
1.00000 1.00000 1.00000

0.00000 0.29667 -0.00000
0.00000 0.00000 0.00000 1.00000
1.00000 1.00000 1.00000

0.00000 0.09968 -0.00000
-0.00000 -0.00000 -0.00000 1.00000
1.00000 1.00000 1.00000

-0.00000 0.09019 0.00000
0.00000 0.00000 0.00000 1.00000
1.00000 1.00000 1.00000

KEYFRAME: 16
TIMESTAMP: 0.66667
0.00000 0.78885 0.00000
-0.00000 -1.00000 -0.00000 0.00000
1.00000 1.00000 1.00000

0.00000 0.13707 0.00000
-0.15582 0.00000 -0.02584 0.98745
1.00000 1.00000 1.00000

0.00000 0.10283 0.00000
0.00000 0.00000 -0.00000 1.00000
1.00000 1.00000 1.00000

0.00000 0.12035 0.00000
0.00000 0.00000 -0.00000 1.00000
1.00000 1.00000 1.00000

0.00000 0.12189 0.00000
0.00000 0.00000 -0.00000 1.00000
1.00000 1.00000 1.00000

0.00000 0.12681 0.00000
0.00000 -0.00000 -0.00000 1.00000
1.00000 1.00000 1.00000

-0.00000 0.17266 -0.00000
-0.00000 -0.00000 -0.00000 1.00000
1.00000 1.00000 1.00000

-0.00000 0.04703 -0.00000
0.00000 -0.00000 -0.00000 1.00000
1.00000 1.00000 1.00000

-0.00000 0.03974 -0.00000
0.00000 0.00000 -0.00000 1.00000
1.00000 1.00000 1.00000

0.00000 0.04197 0.00000
0.34242 -0.00000 -0.00000 0.93955
1.00000 1.00000 1.00000

0.19972 0.09243 -0.00000
0.00000 0.00000 -0.70711 0.70711
1.00000 1.00000 1.00000

-0.00000 0.08462 0.00000
0.15417 -0.15902 -0.67878 0.70014
1.00000 1.00000 1.00000

0.00000 0.10442 -0.00000
0.00000 -0.70711 -0.00000 0.70711
1.00000 1.00000 1.00000

-0.00000 0.16374 -0.00000
0.00000 -0.00000 -0.00000 1.00000
1.00000 1.00000 1.00000

-0.00000 0.07154 0.00000
0.00453 -0.00183 0.02662 0.99963
1.00000 1.00000 1.00000

-0.00000 0.07074 -0.00000
-0.00000 0.00000 -0.00000 1.00000
1.00000 1.00000 1.00000

-0.00000 0.18771 -0.00000
-0.00000 0.00000 -0.00000 1.00000
1.00000 1.00000 1.00000

-0.19972 0.09243 -0.00000
0.00000 -0.00000 0.70711 0.70711
1.00000 1.00000 1.00000

0.00000 0.08462 -0.00000
-0.15417 -0.15902 0.67878 0.70014
1.00000 1.00000 1.00000

0.00000 0.10442 0.00000
-0.00000 0.70711 0.00000 0.70711
1.00000 1.00000 1.00000

-0.00000 0.16374 0.00000
0.00000 0.00000 -0.00000 1.00000
1.00000 1.00000 1.00000

0.00000 0.07154 0.00000
0.00378 -0.00290 -0.02217 0.99974
1.00000 1.00000 1.00000

0.00000 0.07074 0.00000
-0.00000 -0.00000 0.00000 1.00000
1.00000 1.00000 1.00000

0.00000 0.18771 0.00000
-0.00000 -0.00000 0.00000 1.00000
1.00000 1.00000 1.00000

0.12856 0.06322 0.00000
0.00000 0.01748 0.99985 0.00000
1.00000 1.00000 1.00000

0.00000 0.10283 0.00000
-0.22149 -0.00000 0.00000 0.97516
1.00000 1.00000 1.00000

-0.00000 0.29667 -0.00000
-0.01496 -0.00000 0.00000 0.99989
1.00000 1.00000 1.00000

0.00000 0.09968 0.00000
0.07563 -0.00000 -0.00000 0.99714
1.00000 1.00000 1.00000

0.00000 0.09019 0.00000
-0.00000 -0.00000 0.00000 1.00000
1.00000 1.00000 1.00000

-0.12856 0.06322 -0.00000
-0.00000 -0.00246 1.00000 0.00000
1.00000 1.00000 1.00000

0.00000 0.10283 0.00000
0.22149 -0.00000 0.00000 0.97516
1.00000 1.00000 1.00000

-0.00000 0.29667 -0.00000
0.00000 0.00000 0.00000 1.00000
1.00000 1.00000 1.00000

-0.00000 0.09968 -0.00000
0.07563 -0.00000 0.00000 0.99714
1.00000 1.00000 1.00000

-0.00000 0.09019 0.00000
0.00000 0.00000 0.00000 1.00000
1.00000 1.00000 1.00000

KEYFRAME: 17
TIMESTAMP: 0.70833
0.00000 0.83845 0.00000
-0.00000 -1.00000 -0.00000 0.00000
1.00000 1.00000 1.00000

0.00000 0.13707 0.00000
-0.11293 0.00000 -0.04968 0.99236
1.00000 1.00000 1.00000

-0.00000 0.10283 0.00000
0.00000 0.00000 0.00000 1.00000
1.00000 1.00000 1.00000

-0.00000 0.12035 0.00000
0.00000 0.00000 0.00000 1.00000
1.00000 1.00000 1.00000

-0.00000 0.12189 0.00000
0.00000 0.00000 0.00000 1.00000
1.00000 1.00000 1.00000

-0.00000 0.12681 0.00000
0.00000 -0.00000 0.00000 1.00000
1.00000 1.00000 1.00000

-0.00000 0.17266 0.00000
0.00000 -0.00000 0.00000 1.00000
1.00000 1.00000 1.00000

-0.00000 0.04703 0.00000
0.00000 -0.00000 0.00000 1.00000
1.00000 1.00000 1.00000

-0.00000 0.03974 0.00000
0.00000 -0.00000 0.00000 1.00000
1.00000 1.00000 1.00000

-0.00000 0.04197 0.00000
0.25022 -0.00000 0.00000 0.96819
1.00000 1.00000 1.00000

0.19972 0.09243 -0.00000
0.00000 0.00000 -0.70711 0.70711
1.00000 1.00000 1.00000

0.00000 0.08462 0.00000
0.27811 -0.28686 -0.63810 0.65818
1.00000 1.00000 1.00000

-0.00000 0.10442 -0.00000
-0.00000 -0.70711 -0.00000 0.70711
1.00000 1.00000 1.00000

-0.00000 0.16374 0.00000
0.00000 -0.00000 0.00000 1.00000
1.00000 1.00000 1.00000

-0.00000 0.07154 0.00000
0.01540 -0.00295 0.09051 0.99577
1.00000 1.00000 1.00000

-0.00000 0.07074 -0.00000
-0.00000 0.00000 -0.00000 1.00000
1.00000 1.00000 1.00000

-0.00000 0.18771 -0.00000
-0.00000 0.00000 -0.00000 1.00000
1.00000 1.00000 1.00000

-0.19972 0.09243 0.00000
0.00000 -0.00000 0.70711 0.70711
1.00000 1.00000 1.00000

0.00000 0.08462 -0.00000
-0.27811 -0.28686 0.63810 0.65818
1.00000 1.00000 1.00000

-0.00000 0.10442 0.00000
-0.00000 0.70711 0.00000 0.70711
1.00000 1.00000 1.00000

-0.00000 0.16374 0.00000
0.00000 0.00000 0.00000 1.00000
1.00000 1.00000 1.00000

0.00000 0.07154 0.00000
0.01285 -0.00713 -0.07529 0.99705
1.00000 1.00000 1.00000

-0.00000 0.07074 -0.00000
0.00000 -0.00000 0.00000 1.00000
1.00000 1.00000 1.00000

-0.00000 0.18771 -0.00000
0.00000 -0.00000 0.00000 1.00000
1.00000 1.00000 1.00000

0.12856 0.06322 0.00000
0.00000 0.01748 0.99985 0.00000
1.00000 1.00000 1.00000

0.00000 0.10283 0.00000
-0.39954 -0.00000 0.00000 0.91671
1.00000 1.00000 1.00000

-0.00000 0.29667 0.00000
-0.01496 -0.00000 0.00000 0.99989
1.00000 1.00000 1.00000

0.00000 0.09968 0.00000
0.26741 -0.00000 -0.00000 0.96358
1.00000 1.00000 1.00000

0.00000 0.09019 -0.00000
0.00000 -0.00000 -0.00000 1.00000
1.00000 1.00000 1.00000

-0.12856 0.06322 -0.00000
-0.00000 -0.00246 1.00000 0.00000
1.00000 1.00000 1.00000

0.00000 0.10283 0.00000
0.39954 -0.00000 0.00000 0.91671
1.00000 1.00000 1.00000

-0.00000 0.29667 -0.00000
0.00000 0.00000 -0.00000 1.00000
1.00000 1.00000 1.00000

0.00000 0.09968 0.00000
0.26741 -0.00000 0.00000 0.96358
1.00000 1.00000 1.00000

-0.00000 0.09019 0.00000
-0.00000 0.00000 -0.00000 1.00000
1.00000 1.00000 1.00000

KEYFRAME: 18
TIMESTAMP: 0.75000
0.00000 0.89765 0.00000
-0.00000 -1.00000 -0.00000 0.00000
1.00000 1.00000 1.00000

0.00000 0.13707 0.00000
-0.06134 0.00000 -0.06927 0.99571
1.00000 1.00000 1.00000

0.00000 0.10283 -0.00000
-0.00000 0.00000 0.00000 1.00000
1.00000 1.00000 1.00000

-0.00000 0.12035 0.00000
-0.00000 0.00000 0.00000 1.00000
1.00000 1.00000 1.00000

-0.00000 0.12189 0.00000
-0.00000 0.00000 0.00000 1.00000
1.00000 1.00000 1.00000

-0.00000 0.12681 -0.00000
0.00000 -0.00000 0.00000 1.00000
1.00000 1.00000 1.00000

0.00000 0.17266 0.00000
-0.00000 0.00000 0.00000 1.00000
1.00000 1.00000 1.00000

0.00000 0.04703 -0.00000
-0.00000 0.00000 0.00000 1.00000
1.00000 1.00000 1.00000

-0.00000 0.03974 0.00000
-0.00000 -0.00000 0.00000 1.00000
1.00000 1.00000 1.00000

0.00000 0.04197 -0.00000
0.13592 -0.00000 0.00000 0.99072
1.00000 1.00000 1.00000

0.19972 0.09243 -0.00000
0.00000 0.00000 -0.70711 0.70711
1.00000 1.00000 1.00000

-0.00000 0.08462 -0.00000
0.36150 -0.37287 -0.59484 0.61356
1.00000 1.00000 1.00000

-0.00000 0.10442 0.00000
-0.00000 -0.70711 0.00000 0.70711
1.00000 1.00000 1.00000

0.00000 0.16374 -0.00000
0.00000 -0.00000 0.00000 1.00000
1.00000 1.00000 1.00000

0.00000 0.07154 -0.00000
0.02835 -0.00352 0.16662 0.98561
1.00000 1.00000 1.00000

0.00000 0.07074 -0.00000
-0.00000 -0.00000 0.00000 1.00000
1.00000 1.00000 1.00000

-0.00000 0.18771 0.00000
-0.00000 -0.00000 0.00000 1.00000
1.00000 1.00000 1.00000

-0.19972 0.09243 0.00000
0.00000 -0.00000 0.70711 0.70711
1.00000 1.00000 1.00000

-0.00000 0.08462 0.00000
-0.36150 -0.37287 0.59484 0.61356
1.00000 1.00000 1.00000

0.00000 0.10442 0.00000
0.00000 0.70711 0.00000 0.70711
1.00000 1.00000 1.00000

0.00000 0.16374 -0.00000
-0.00000 0.00000 0.00000 1.00000
1.00000 1.00000 1.00000

-0.00000 0.07154 -0.00000
0.02365 -0.01154 -0.13861 0.99000
1.00000 1.00000 1.00000

-0.00000 0.07074 -0.00000
-0.00000 -0.00000 0.00000 1.00000
1.00000 1.00000 1.00000

-0.00000 0.18771 -0.00000
-0.00000 -0.00000 0.00000 1.00000
1.00000 1.00000 1.00000

0.12856 0.06322 0.00000
0.00000 0.01748 0.99985 0.00000
1.00000 1.00000 1.00000

0.00000 0.10283 0.00000
-0.51934 -0.00000 0.00000 0.85457
1.00000 1.00000 1.00000

0.00000 0.29667 -0.00000
-0.01496 -0.00000 0.00000 0.99989
1.00000 1.00000 1.00000

0.00000 0.09968 -0.00000
0.49227 -0.00000 -0.00000 0.87044
1.00000 1.00000 1.00000

0.00000 0.09019 0.00000
-0.00000 0.00000 0.00000 1.00000
1.00000 1.00000 1.00000

-0.12856 0.06322 -0.00000
-0.00000 -0.00246 1.00000 0.00000
1.00000 1.00000 1.00000

0.00000 0.10283 -0.00000
0.51934 -0.00000 0.00000 0.85457
1.00000 1.00000 1.00000

-0.00000 0.29667 0.00000
0.00000 0.00000 0.00000 1.00000
1.00000 1.00000 1.00000

-0.00000 0.09968 -0.00000
0.49227 0.00000 0.00000 0.87044
1.00000 1.00000 1.00000

-0.00000 0.09019 -0.00000
0.00000 0.00000 -0.00000 1.00000
1.00000 1.00000 1.00000

KEYFRAME: 19
TIMESTAMP: 0.79167
0.00000 0.94725 0.00000
-0.00000 -1.00000 -0.00000 0.00000
1.00000 1.00000 1.00000

0.00000 0.13707 0.00000
-0.01809 0.00000 -0.08239 0.99644
1.00000 1.00000 1.00000

-0.00000 0.10283 0.00000
0.00000 -0.00000 0.00000 1.00000
1.00000 1.00000 1.00000

0.00000 0.12035 0.00000
0.00000 -0.00000 0.00000 1.00000
1.00000 1.00000 1.00000

-0.00000 0.12189 0.00000
0.00000 -0.00000 0.00000 1.00000
1.00000 1.00000 1.00000

-0.00000 0.12681 0.00000
-0.00000 -0.00000 0.00000 1.00000
1.00000 1.00000 1.00000

-0.00000 0.17266 0.00000
-0.00000 0.00000 0.00000 1.00000
1.00000 1.00000 1.00000

-0.00000 0.04703 0.00000
-0.00000 0.00000 0.00000 1.00000
1.00000 1.00000 1.00000

-0.00000 0.03974 -0.00000
-0.00000 0.00000 -0.00000 1.00000
1.00000 1.00000 1.00000

-0.00000 0.04197 -0.00000
0.03975 0.00000 -0.00000 0.99921
1.00000 1.00000 1.00000

0.19972 0.09243 -0.00000
0.00000 0.00000 -0.70711 0.70711
1.00000 1.00000 1.00000

-0.00000 0.08462 -0.00000
0.40833 -0.42118 -0.56372 0.58146
1.00000 1.00000 1.00000

0.00000 0.10442 0.00000
-0.00000 -0.70711 -0.00000 0.70711
1.00000 1.00000 1.00000

-0.00000 0.16374 0.00000
0.00000 -0.00000 0.00000 1.00000
1.00000 1.00000 1.00000

0.00000 0.07154 0.00000
0.03902 -0.00371 0.22932 0.97256
1.00000 1.00000 1.00000

-0.00000 0.07074 0.00000
-0.00000 -0.00000 -0.00000 1.00000
1.00000 1.00000 1.00000

0.00000 0.18771 0.00000
-0.00000 -0.00000 -0.00000 1.00000
1.00000 1.00000 1.00000

-0.19972 0.09243 0.00000
0.00000 -0.00000 0.70711 0.70711
1.00000 1.00000 1.00000

0.00000 0.08462 -0.00000
-0.40833 -0.42118 0.56372 0.58146
1.00000 1.00000 1.00000

-0.00000 0.10442 -0.00000
0.00000 0.70711 -0.00000 0.70711
1.00000 1.00000 1.00000

-0.00000 0.16374 -0.00000
-0.00000 0.00000 -0.00000 1.00000
1.00000 1.00000 1.00000

0.00000 0.07154 0.00000
0.03260 -0.01496 -0.19104 0.98093
1.00000 1.00000 1.00000

0.00000 0.07074 0.00000
0.00000 -0.00000 0.00000 1.00000
1.00000 1.00000 1.00000

0.00000 0.18771 0.00000
0.00000 -0.00000 0.00000 1.00000
1.00000 1.00000 1.00000

0.12856 0.06322 0.00000
0.00000 0.01748 0.99985 0.00000
1.00000 1.00000 1.00000

0.00000 0.10283 0.00000
-0.58663 -0.00000 0.00000 0.80986
1.00000 1.00000 1.00000

-0.00000 0.29667 -0.00000
-0.01496 -0.00000 0.00000 0.99989
1.00000 1.00000 1.00000

0.00000 0.09968 -0.00000
0.65160 0.00000 -0.00000 0.75856
1.00000 1.00000 1.00000

0.00000 0.09019 0.00000
-0.00000 0.00000 -0.00000 1.00000
1.00000 1.00000 1.00000

-0.12856 0.06322 -0.00000
-0.00000 -0.00246 1.00000 0.00000
1.00000 1.00000 1.00000

0.00000 0.10283 0.00000
0.58663 -0.00000 0.00000 0.80986
1.00000 1.00000 1.00000

0.00000 0.29667 0.00000
-0.00000 0.00000 0.00000 1.00000
1.00000 1.00000 1.00000

0.00000 0.09968 -0.00000
0.65160 -0.00000 0.00000 0.75856
1.00000 1.00000 1.00000

0.00000 0.09019 -0.00000
0.00000 0.00000 0.00000 1.00000
1.00000 1.00000 1.00000

KEYFRAME: 20
TIMESTAMP: 0.83333
0.00000 0.96805 0.00000
-0.00000 -1.00000 -0.00000 0.00000
1.00000 1.00000 1.00000

0.00000 0.13707 0.00000
0.00000 0.00000 -0.08716 0.99619
1.00000 1.00000 1.00000

0.00000 0.10283 -0.00000
-0.00000 0.00000 -0.00000 1.00000
1.00000 1.00000 1.00000

-0.00000 0.12035 -0.00000
-0.00000 0.00000 -0.00000 1.00000
1.00000 1.00000 1.00000

-0.00000 0.12189 0.00000
-0.00000 0.00000 -0.00000 1.00000
1.00000 1.00000 1.00000

-0.00000 0.12681 -0.00000
0.00000 -0.00000 0.00000 1.00000
1.00000 1.00000 1.00000

0.00000 0.17266 -0.00000
0.00000 0.00000 -0.00000 1.00000
1.00000 1.00000 1.00000

-0.00000 0.04703 0.00000
0.00000 0.00000 0.00000 1.00000
1.00000 1.00000 1.00000

0.00000 0.03974 -0.00000
-0.00000 -0.00000 -0.00000 1.00000
1.00000 1.00000 1.00000

0.00000 0.04197 -0.00000
0.00000 0.00000 -0.00000 1.00000
1.00000 1.00000 1.00000

0.19972 0.09243 -0.00000
0.00000 0.00000 -0.70711 0.70711
1.00000 1.00000 1.00000

0.00000 0.08462 0.00000
0.42374 -0.43707 -0.55223 0.56961
1.00000 1.00000 1.00000

0.00000 0.10442 -0.00000
-0.00000 -0.70711 -0.00000 0.70711
1.00000 1.00000 1.00000

-0.00000 0.16374 0.00000
0.00000 -0.00000 0.00000 1.00000
1.00000 1.00000 1.00000

0.00000 0.07154 0.00000
0.04341 -0.00373 0.25513 0.96593
1.00000 1.00000 1.00000

-0.00000 0.07074 -0.00000
0.00000 -0.00000 0.00000 1.00000
1.00000 1.00000 1.00000

-0.00000 0.18771 0.00000
0.00000 -0.00000 0.00000 1.00000
1.00000 1.00000 1.00000

-0.19972 0.09243 0.00000
0.00000 -0.00000 0.70711 0.70711
1.00000 1.00000 1.00000

-0.00000 0.08462 0.00000
-0.42374 -0.43707 0.55223 0.56961
1.00000 1.00000 1.00000

-0.00000 0.10442 -0.00000
-0.00000 0.70711 -0.00000 0.70711
1.00000 1.00000 1.00000

0.00000 0.16374 -0.00000
-0.00000 0.00000 -0.00000 1.00000
1.00000 1.00000 1.00000

0.00000 0.07154 0.00000
0.03630 -0.01632 -0.21275 0.97630
1.00000 1.00000 1.00000

-0.00000 0.07074 0.00000
-0.00000 -0.00000 0.00000 1.00000
1.00000 1.00000 1.00000

-0.00000 0.18771 0.00000
-0.00000 -0.00000 0.00000 1.00000
1.00000 1.00000 1.00000

0.12856 0.06322 0.00000
0.00000 0.01748 0.99985 0.00000
1.00000 1.00000 1.00000

0.00000 0.10283 0.00000
-0.60876 0.00000 0.00000 0.79335
1.00000 1.00000 1.00000

0.00000 0.29667 0.00000
-0.01496 -0.00000 0.00000 0.99989
1.00000 1.00000 1.00000

-0.00000 0.09968 0.00000
0.70711 -0.00000 -0.00000 0.70711
1.00000 1.00000 1.00000

0.00000 0.09019 0.00000
-0.00000 0.00000 0.00000 1.00000
1.00000 1.00000 1.00000

-0.12856 0.06322 -0.00000
-0.00000 -0.00246 1.00000 0.00000
1.00000 1.00000 1.00000

0.00000 0.10283 -0.00000
0.60876 -0.00000 0.00000 0.79335
1.00000 1.00000 1.00000

0.00000 0.29667 -0.00000
-0.00000 0.00000 0.00000 1.00000
1.00000 1.00000 1.00000

0.00000 0.09968 -0.00000
0.70711 0.00000 0.00000 0.70711
1.00000 1.00000 1.00000

-0.00000 0.09019 0.00000
0.00000 0.00000 -0.00000 1.00000
1.00000 1.00000 1.00000

