TEXTURE_DIFFUSE: low_poly_tex.png
VERTEX_COUNT: 45
VERT:
-0.00021 0.97309 0.07115
0.00000 0.15765 0.98750
0.84875 0.48645
WEIGHTS: None

VERT:
-0.02311 0.04519 -0.02334
-0.99223 -0.11133 0.05553
0.84875 0.48645
WEIGHTS: None

VERT:
-0.00021 0.06249 0.10277
-0.00000 -0.31712 0.94838
0.84875 0.48645
WEIGHTS: None

VERT:
0.02269 0.04519 -0.02334
0.99223 -0.11133 0.05553
0.84216 0.19951
WEIGHTS: None

VERT:
0.01695 0.02604 -0.03882
0.68490 -0.20393 -0.69952
0.84216 0.19951
WEIGHTS: None

VERT:
0.02139 0.04560 -0.04457
0.67217 -0.15750 -0.72346
0.84216 0.19951
WEIGHTS: None

VERT:
-0.01343 1.02888 -0.03642
-0.69276 0.03749 -0.72020
0.84216 0.19951
WEIGHTS: None

VERT:
-0.01495 1.02878 -0.01271
-0.99308 0.07204 0.09272
0.84216 0.19951
WEIGHTS: None

VERT:
-0.00021 1.18023 -0.03589
0.00000 0.98516 -0.17165
0.84216 0.19951
WEIGHTS: None

VERT:
0.02269 0.04519 -0.02334
0.99223 -0.11133 0.05553
0.84875 0.48645
WEIGHTS: None

VERT:
0.01719 0.02256 -0.01797
0.98133 -0.13165 0.14021
0.21225 0.17932
WEIGHTS: None

VERT:
-0.00021 -0.20022 0.02168
0.00000 0.20474 0.97882
0.21225 0.17932
WEIGHTS: None

VERT:
0.01724 -0.22188 -0.02189
0.98344 0.08659 0.15918
0.21225 0.17932
WEIGHTS: None

VERT:
-0.01761 0.02256 -0.01797
-0.98133 -0.13165 0.14021
0.84216 0.19951
WEIGHTS: None

VERT:
-0.00021 0.00877 0.02449
0.00000 -0.54185 0.84047
0.84216 0.19951
WEIGHTS: None

VERT:
-0.00021 0.06249 0.10277
-0.00000 -0.31712 0.94838
0.84216 0.19951
WEIGHTS: None

VERT:
0.01719 0.02256 -0.01797
0.98133 -0.13165 0.14021
0.84216 0.19951
WEIGHTS: None

VERT:
-0.01765 -0.22188 -0.02189
-0.98344 0.08659 0.15918
0.84216 0.19951
WEIGHTS: None

VERT:
-0.00021 -0.25151 0.05064
0.00000 -0.12983 0.99154
0.84216 0.19951
WEIGHTS: None

VERT:
-0.00021 -0.20022 0.02168
0.00000 0.20474 0.97882
0.84216 0.19951
WEIGHTS: None

VERT:
-0.01761 0.02256 -0.01797
-0.98133 -0.13165 0.14021
0.21225 0.17932
WEIGHTS: None

VERT:
-0.00021 0.00877 0.02449
0.00000 -0.54185 0.84047
0.21225 0.17932
WEIGHTS: None

VERT:
-0.01755 -0.21969 -0.03797
-0.70789 0.09672 -0.69967
0.21225 0.17932
WEIGHTS: None

VERT:
-0.01765 -0.22188 -0.02189
-0.98344 0.08659 0.15918
0.21225 0.17932
WEIGHTS: None

VERT:
-0.01343 1.02888 -0.03642
-0.69276 0.03749 -0.72020
0.84216 0.19951
WEIGHTS: None

VERT:
-0.02181 0.04560 -0.04457
-0.67217 -0.15750 -0.72345
0.84216 0.19951
WEIGHTS: None

VERT:
0.01695 0.02604 -0.03882
0.68490 -0.20393 -0.69952
0.21225 0.17932
WEIGHTS: None

VERT:
-0.01736 0.02604 -0.03882
-0.68491 -0.20393 -0.69951
0.21225 0.17932
WEIGHTS: None

VERT:
0.01713 -0.21969 -0.03797
0.70790 0.09672 -0.69966
0.21225 0.17932
WEIGHTS: None

VERT:
0.01302 1.02888 -0.03642
0.69276 0.03749 -0.72019
0.84216 0.19951
WEIGHTS: None

VERT:
-0.00021 1.18023 -0.03589
0.00000 0.98516 -0.17165
0.84216 0.19951
WEIGHTS: None

VERT:
-0.02311 0.04519 -0.02334
-0.99223 -0.11133 0.05553
0.84216 0.19951
WEIGHTS: None

VERT:
0.01724 -0.22188 -0.02189
0.98344 0.08659 0.15918
0.84216 0.19951
WEIGHTS: None

VERT:
0.02477 -0.27914 -0.04696
0.60724 -0.50302 -0.61501
0.84216 0.19951
WEIGHTS: None

VERT:
0.01713 -0.21969 -0.03797
0.70790 0.09672 -0.69966
0.84216 0.19951
WEIGHTS: None

VERT:
-0.02522 -0.27925 -0.01515
-0.72960 -0.64279 0.23346
0.84216 0.19951
WEIGHTS: None

VERT:
0.02480 -0.27925 -0.01515
0.72960 -0.64279 0.23346
0.84216 0.19951
WEIGHTS: None

VERT:
-0.02519 -0.27914 -0.04696
-0.60723 -0.50301 -0.61502
0.84216 0.19951
WEIGHTS: None

VERT:
-0.01755 -0.21969 -0.03797
-0.70789 0.09672 -0.69967
0.84216 0.19951
WEIGHTS: None

VERT:
-0.01736 0.02604 -0.03882
-0.68491 -0.20393 -0.69951
0.84216 0.19951
WEIGHTS: None

VERT:
0.01454 1.02878 -0.01271
0.99308 0.07204 0.09272
0.84216 0.19951
WEIGHTS: None

VERT:
0.01302 1.02888 -0.03642
0.69276 0.03749 -0.72019
0.84216 0.19951
WEIGHTS: None

VERT:
-0.01495 1.02878 -0.01271
-0.99308 0.07204 0.09272
0.84875 0.48645
WEIGHTS: None

VERT:
-0.00021 1.18023 -0.03589
0.00000 0.98516 -0.17165
0.84875 0.48645
WEIGHTS: None

VERT:
0.01454 1.02878 -0.01271
0.99308 0.07204 0.09272
0.84875 0.48645
WEIGHTS: None

INDEX_COUNT: 144
0 1 2 9 0 2 42 0 43 0 44 43 0 42 1 9 44 0 3 4 5 6 7 8 13 14 15 14 16 15 17 18 19 24 5 25 29 24 30 7 25 31 32 33 34 18 35 36 36 37 33 38 33 37 32 18 36 17 37 35 39 5 4 31 39 13 40 41 8 16 3 15 40 5 41 15 31 13 3 16 4 17 35 18 24 29 5 7 6 25 32 36 33 36 35 37 38 34 33 32 19 18 17 38 37 39 25 5 31 25 39 40 3 5 10 11 12 20 11 21 20 22 23 26 22 27 10 28 26 10 21 11 20 23 11 20 27 22 26 28 22 10 12 28 
