# WiseModel 0.0.1

SKELETON_DATA ####################################

BONECOUNT: 2
GLOBAL_TRANSFORM:
1.00000 -0.00000 0.00000 -0.00000
-0.00000 1.00000 -0.00000 0.00000
0.00000 -0.00000 1.00000 -0.00000
-0.00000 0.00000 -0.00000 1.00000

BONE_NAME: Bone
PARENT_INDEX: -1
OFFSET_MATRIX:
-1.00000 -0.00000 -0.00000 -0.00000
-0.00000 1.00000 -0.00000 0.00000
0.00000 -0.00000 -1.00000 -0.00000
-0.00000 -0.00000 -0.00000 1.00000

BONE_NAME: Bone.001
PARENT_INDEX: 0
OFFSET_MATRIX:
-1.00000 -0.00000 -0.00000 -0.00000
-0.00000 1.00000 -0.00000 0.00000
0.00000 -0.00000 -1.00000 -0.00000
-0.00000 -2.00000 -0.00000 1.00000


ANIMATION_DATA ####################################

FPS: 24
ANIMATION_NAME: Idle
DURATION: 2.45833

KEYFRAME: 0
TIMESTAMP: 0.00000
0.00000 0.00000 0.00000
-0.00000 -1.00000 -0.00000 0.00000
1.00000 1.00000 1.00000

0.00000 2.00000 0.00000
0.00000 0.00000 0.00000 1.00000
1.00000 1.00000 1.00000

KEYFRAME: 1
TIMESTAMP: 0.04167
0.00000 0.00000 0.00000
-0.00000 -1.00000 -0.00000 0.00000
1.00000 1.00000 1.00000

0.00000 2.00000 0.00000
0.00000 0.00000 0.00000 1.00000
1.00000 1.00000 1.00000

KEYFRAME: 2
TIMESTAMP: 0.08333
0.00000 0.00000 0.00000
-0.00000 -1.00000 -0.00000 0.00000
1.00000 1.00000 1.00000

0.00000 2.00000 0.00000
-0.00127 0.00000 0.00000 1.00000
1.00000 1.00000 1.00000

KEYFRAME: 3
TIMESTAMP: 0.12500
0.00000 0.00000 0.00000
-0.00000 -1.00000 -0.00000 0.00000
1.00000 1.00000 1.00000

0.00000 2.00000 0.00000
-0.00483 0.00000 0.00000 0.99999
1.00000 1.00000 1.00000

KEYFRAME: 4
TIMESTAMP: 0.16667
0.00000 0.00000 0.00000
-0.00000 -1.00000 -0.00000 0.00000
1.00000 1.00000 1.00000

0.00000 2.00000 0.00000
-0.01030 0.00000 0.00000 0.99995
1.00000 1.00000 1.00000

KEYFRAME: 5
TIMESTAMP: 0.20833
0.00000 0.00000 0.00000
-0.00000 -1.00000 -0.00000 0.00000
1.00000 1.00000 1.00000

0.00000 2.00000 0.00000
-0.01729 0.00000 0.00000 0.99985
1.00000 1.00000 1.00000

KEYFRAME: 6
TIMESTAMP: 0.25000
0.00000 0.00000 0.00000
-0.00000 -1.00000 -0.00000 0.00000
1.00000 1.00000 1.00000

0.00000 2.00000 0.00000
-0.02543 0.00000 0.00000 0.99968
1.00000 1.00000 1.00000

KEYFRAME: 7
TIMESTAMP: 0.29167
0.00000 0.00000 0.00000
-0.00000 -1.00000 -0.00000 0.00000
1.00000 1.00000 1.00000

0.00000 2.00000 0.00000
-0.03433 0.00000 0.00000 0.99941
1.00000 1.00000 1.00000

KEYFRAME: 8
TIMESTAMP: 0.33333
0.00000 0.00000 0.00000
-0.00000 -1.00000 -0.00000 0.00000
1.00000 1.00000 1.00000

0.00000 2.00000 0.00000
-0.04362 0.00000 0.00000 0.99905
1.00000 1.00000 1.00000

KEYFRAME: 9
TIMESTAMP: 0.37500
0.00000 0.00000 0.00000
-0.00000 -1.00000 -0.00000 0.00000
1.00000 1.00000 1.00000

0.00000 2.00000 0.00000
-0.05290 0.00000 0.00000 0.99860
1.00000 1.00000 1.00000

KEYFRAME: 10
TIMESTAMP: 0.41667
0.00000 0.00000 0.00000
-0.00000 -1.00000 -0.00000 0.00000
1.00000 1.00000 1.00000

0.00000 2.00000 0.00000
-0.06179 0.00000 0.00000 0.99809
1.00000 1.00000 1.00000

KEYFRAME: 11
TIMESTAMP: 0.45833
0.00000 0.00000 0.00000
-0.00000 -1.00000 -0.00000 0.00000
1.00000 1.00000 1.00000

0.00000 2.00000 0.00000
-0.06992 0.00000 0.00000 0.99755
1.00000 1.00000 1.00000

KEYFRAME: 12
TIMESTAMP: 0.50000
0.00000 0.00000 0.00000
-0.00000 -1.00000 -0.00000 0.00000
1.00000 1.00000 1.00000

0.00000 2.00000 0.00000
-0.07690 0.00000 0.00000 0.99704
1.00000 1.00000 1.00000

KEYFRAME: 13
TIMESTAMP: 0.54167
0.00000 0.00000 0.00000
-0.00000 -1.00000 -0.00000 0.00000
1.00000 1.00000 1.00000

0.00000 2.00000 0.00000
-0.08234 0.00000 0.00000 0.99660
1.00000 1.00000 1.00000

KEYFRAME: 14
TIMESTAMP: 0.58333
0.00000 0.00000 0.00000
-0.00000 -1.00000 -0.00000 0.00000
1.00000 1.00000 1.00000

0.00000 2.00000 0.00000
-0.08589 0.00000 0.00000 0.99630
1.00000 1.00000 1.00000

KEYFRAME: 15
TIMESTAMP: 0.62500
0.00000 0.00000 0.00000
-0.00000 -1.00000 -0.00000 0.00000
1.00000 1.00000 1.00000

0.00000 2.00000 0.00000
-0.08716 0.00000 0.00000 0.99619
1.00000 1.00000 1.00000

KEYFRAME: 16
TIMESTAMP: 0.66667
0.00000 0.00000 0.00000
-0.00000 -1.00000 -0.00000 0.00000
1.00000 1.00000 1.00000

0.00000 2.00000 0.00000
-0.08652 0.00000 0.00000 0.99625
1.00000 1.00000 1.00000

KEYFRAME: 17
TIMESTAMP: 0.70833
0.00000 0.00000 0.00000
-0.00000 -1.00000 -0.00000 0.00000
1.00000 1.00000 1.00000

0.00000 2.00000 0.00000
-0.08468 0.00000 0.00000 0.99641
1.00000 1.00000 1.00000

KEYFRAME: 18
TIMESTAMP: 0.75000
0.00000 0.00000 0.00000
-0.00000 -1.00000 -0.00000 0.00000
1.00000 1.00000 1.00000

0.00000 2.00000 0.00000
-0.08174 0.00000 0.00000 0.99665
1.00000 1.00000 1.00000

KEYFRAME: 19
TIMESTAMP: 0.79167
0.00000 0.00000 0.00000
-0.00000 -1.00000 -0.00000 0.00000
1.00000 1.00000 1.00000

0.00000 2.00000 0.00000
-0.07781 0.00000 0.00000 0.99697
1.00000 1.00000 1.00000

KEYFRAME: 20
TIMESTAMP: 0.83333
0.00000 0.00000 0.00000
-0.00000 -1.00000 -0.00000 0.00000
1.00000 1.00000 1.00000

0.00000 2.00000 0.00000
-0.07300 0.00000 0.00000 0.99733
1.00000 1.00000 1.00000

KEYFRAME: 21
TIMESTAMP: 0.87500
0.00000 0.00000 0.00000
-0.00000 -1.00000 -0.00000 0.00000
1.00000 1.00000 1.00000

0.00000 2.00000 0.00000
-0.06741 0.00000 0.00000 0.99773
1.00000 1.00000 1.00000

KEYFRAME: 22
TIMESTAMP: 0.91667
0.00000 0.00000 0.00000
-0.00000 -1.00000 -0.00000 0.00000
1.00000 1.00000 1.00000

0.00000 2.00000 0.00000
-0.06116 0.00000 0.00000 0.99813
1.00000 1.00000 1.00000

KEYFRAME: 23
TIMESTAMP: 0.95833
0.00000 0.00000 0.00000
-0.00000 -1.00000 -0.00000 0.00000
1.00000 1.00000 1.00000

0.00000 2.00000 0.00000
-0.05434 0.00000 0.00000 0.99852
1.00000 1.00000 1.00000

KEYFRAME: 24
TIMESTAMP: 1.00000
0.00000 0.00000 0.00000
-0.00000 -1.00000 -0.00000 0.00000
1.00000 1.00000 1.00000

0.00000 2.00000 0.00000
-0.04707 0.00000 0.00000 0.99889
1.00000 1.00000 1.00000

KEYFRAME: 25
TIMESTAMP: 1.04167
0.00000 0.00000 0.00000
-0.00000 -1.00000 -0.00000 0.00000
1.00000 1.00000 1.00000

0.00000 2.00000 0.00000
-0.03946 0.00000 0.00000 0.99922
1.00000 1.00000 1.00000

KEYFRAME: 26
TIMESTAMP: 1.08333
0.00000 0.00000 0.00000
-0.00000 -1.00000 -0.00000 0.00000
1.00000 1.00000 1.00000

0.00000 2.00000 0.00000
-0.03161 0.00000 0.00000 0.99950
1.00000 1.00000 1.00000

KEYFRAME: 27
TIMESTAMP: 1.12500
0.00000 0.00000 0.00000
-0.00000 -1.00000 -0.00000 0.00000
1.00000 1.00000 1.00000

0.00000 2.00000 0.00000
-0.02363 0.00000 0.00000 0.99972
1.00000 1.00000 1.00000

KEYFRAME: 28
TIMESTAMP: 1.16667
0.00000 0.00000 0.00000
-0.00000 -1.00000 -0.00000 0.00000
1.00000 1.00000 1.00000

0.00000 2.00000 0.00000
-0.01563 0.00000 0.00000 0.99988
1.00000 1.00000 1.00000

KEYFRAME: 29
TIMESTAMP: 1.20833
0.00000 0.00000 0.00000
-0.00000 -1.00000 -0.00000 0.00000
1.00000 1.00000 1.00000

0.00000 2.00000 0.00000
-0.00772 0.00000 0.00000 0.99997
1.00000 1.00000 1.00000

KEYFRAME: 30
TIMESTAMP: 1.25000
0.00000 0.00000 0.00000
-0.00000 -1.00000 -0.00000 0.00000
1.00000 1.00000 1.00000

0.00000 2.00000 0.00000
0.00000 0.00000 0.00000 1.00000
1.00000 1.00000 1.00000

KEYFRAME: 31
TIMESTAMP: 1.29167
0.00000 0.00000 0.00000
-0.00000 -1.00000 -0.00000 0.00000
1.00000 1.00000 1.00000

0.00000 2.00000 0.00000
0.00743 0.00000 0.00000 0.99997
1.00000 1.00000 1.00000

KEYFRAME: 32
TIMESTAMP: 1.33333
0.00000 0.00000 0.00000
-0.00000 -1.00000 -0.00000 0.00000
1.00000 1.00000 1.00000

0.00000 2.00000 0.00000
0.01453 0.00000 0.00000 0.99989
1.00000 1.00000 1.00000

KEYFRAME: 33
TIMESTAMP: 1.37500
0.00000 0.00000 0.00000
-0.00000 -1.00000 -0.00000 0.00000
1.00000 1.00000 1.00000

0.00000 2.00000 0.00000
0.02128 0.00000 0.00000 0.99977
1.00000 1.00000 1.00000

KEYFRAME: 34
TIMESTAMP: 1.41667
0.00000 0.00000 0.00000
-0.00000 -1.00000 -0.00000 0.00000
1.00000 1.00000 1.00000

0.00000 2.00000 0.00000
0.02765 0.00000 0.00000 0.99962
1.00000 1.00000 1.00000

KEYFRAME: 35
TIMESTAMP: 1.45833
0.00000 0.00000 0.00000
-0.00000 -1.00000 -0.00000 0.00000
1.00000 1.00000 1.00000

0.00000 2.00000 0.00000
0.03360 0.00000 0.00000 0.99944
1.00000 1.00000 1.00000

KEYFRAME: 36
TIMESTAMP: 1.50000
0.00000 0.00000 0.00000
-0.00000 -1.00000 -0.00000 0.00000
1.00000 1.00000 1.00000

0.00000 2.00000 0.00000
0.03912 0.00000 0.00000 0.99923
1.00000 1.00000 1.00000

KEYFRAME: 37
TIMESTAMP: 1.54167
0.00000 0.00000 0.00000
-0.00000 -1.00000 -0.00000 0.00000
1.00000 1.00000 1.00000

0.00000 2.00000 0.00000
0.04417 0.00000 0.00000 0.99902
1.00000 1.00000 1.00000

KEYFRAME: 38
TIMESTAMP: 1.58333
0.00000 0.00000 0.00000
-0.00000 -1.00000 -0.00000 0.00000
1.00000 1.00000 1.00000

0.00000 2.00000 0.00000
0.04874 0.00000 0.00000 0.99881
1.00000 1.00000 1.00000

KEYFRAME: 39
TIMESTAMP: 1.62500
0.00000 0.00000 0.00000
-0.00000 -1.00000 -0.00000 0.00000
1.00000 1.00000 1.00000

0.00000 2.00000 0.00000
0.05278 0.00000 0.00000 0.99861
1.00000 1.00000 1.00000

KEYFRAME: 40
TIMESTAMP: 1.66667
0.00000 0.00000 0.00000
-0.00000 -1.00000 -0.00000 0.00000
1.00000 1.00000 1.00000

0.00000 2.00000 0.00000
0.05628 0.00000 0.00000 0.99842
1.00000 1.00000 1.00000

KEYFRAME: 41
TIMESTAMP: 1.70833
0.00000 0.00000 0.00000
-0.00000 -1.00000 -0.00000 0.00000
1.00000 1.00000 1.00000

0.00000 2.00000 0.00000
0.05920 0.00000 0.00000 0.99825
1.00000 1.00000 1.00000

KEYFRAME: 42
TIMESTAMP: 1.75000
0.00000 0.00000 0.00000
-0.00000 -1.00000 -0.00000 0.00000
1.00000 1.00000 1.00000

0.00000 2.00000 0.00000
0.06153 0.00000 0.00000 0.99811
1.00000 1.00000 1.00000

KEYFRAME: 43
TIMESTAMP: 1.79167
0.00000 0.00000 0.00000
-0.00000 -1.00000 -0.00000 0.00000
1.00000 1.00000 1.00000

0.00000 2.00000 0.00000
0.06322 0.00000 0.00000 0.99800
1.00000 1.00000 1.00000

KEYFRAME: 44
TIMESTAMP: 1.83333
0.00000 0.00000 0.00000
-0.00000 -1.00000 -0.00000 0.00000
1.00000 1.00000 1.00000

0.00000 2.00000 0.00000
0.06426 0.00000 0.00000 0.99793
1.00000 1.00000 1.00000

KEYFRAME: 45
TIMESTAMP: 1.87500
0.00000 0.00000 0.00000
-0.00000 -1.00000 -0.00000 0.00000
1.00000 1.00000 1.00000

0.00000 2.00000 0.00000
0.06461 0.00000 0.00000 0.99791
1.00000 1.00000 1.00000

KEYFRAME: 46
TIMESTAMP: 1.91667
0.00000 0.00000 0.00000
-0.00000 -1.00000 -0.00000 0.00000
1.00000 1.00000 1.00000

0.00000 2.00000 0.00000
0.06368 0.00000 0.00000 0.99797
1.00000 1.00000 1.00000

KEYFRAME: 47
TIMESTAMP: 1.95833
0.00000 0.00000 0.00000
-0.00000 -1.00000 -0.00000 0.00000
1.00000 1.00000 1.00000

0.00000 2.00000 0.00000
0.06108 0.00000 0.00000 0.99813
1.00000 1.00000 1.00000

KEYFRAME: 48
TIMESTAMP: 2.00000
0.00000 0.00000 0.00000
-0.00000 -1.00000 -0.00000 0.00000
1.00000 1.00000 1.00000

0.00000 2.00000 0.00000
0.05708 0.00000 0.00000 0.99837
1.00000 1.00000 1.00000

KEYFRAME: 49
TIMESTAMP: 2.04167
0.00000 0.00000 0.00000
-0.00000 -1.00000 -0.00000 0.00000
1.00000 1.00000 1.00000

0.00000 2.00000 0.00000
0.05197 0.00000 0.00000 0.99865
1.00000 1.00000 1.00000

KEYFRAME: 50
TIMESTAMP: 2.08333
0.00000 0.00000 0.00000
-0.00000 -1.00000 -0.00000 0.00000
1.00000 1.00000 1.00000

0.00000 2.00000 0.00000
0.04602 0.00000 0.00000 0.99894
1.00000 1.00000 1.00000

KEYFRAME: 51
TIMESTAMP: 2.12500
0.00000 0.00000 0.00000
-0.00000 -1.00000 -0.00000 0.00000
1.00000 1.00000 1.00000

0.00000 2.00000 0.00000
0.03951 0.00000 0.00000 0.99922
1.00000 1.00000 1.00000

KEYFRAME: 52
TIMESTAMP: 2.16667
0.00000 0.00000 0.00000
-0.00000 -1.00000 -0.00000 0.00000
1.00000 1.00000 1.00000

0.00000 2.00000 0.00000
0.03272 0.00000 0.00000 0.99946
1.00000 1.00000 1.00000

KEYFRAME: 53
TIMESTAMP: 2.20833
0.00000 0.00000 0.00000
-0.00000 -1.00000 -0.00000 0.00000
1.00000 1.00000 1.00000

0.00000 2.00000 0.00000
0.02593 0.00000 0.00000 0.99966
1.00000 1.00000 1.00000

KEYFRAME: 54
TIMESTAMP: 2.25000
0.00000 0.00000 0.00000
-0.00000 -1.00000 -0.00000 0.00000
1.00000 1.00000 1.00000

0.00000 2.00000 0.00000
0.01942 0.00000 0.00000 0.99981
1.00000 1.00000 1.00000

KEYFRAME: 55
TIMESTAMP: 2.29167
0.00000 0.00000 0.00000
-0.00000 -1.00000 -0.00000 0.00000
1.00000 1.00000 1.00000

0.00000 2.00000 0.00000
0.01347 0.00000 0.00000 0.99991
1.00000 1.00000 1.00000

KEYFRAME: 56
TIMESTAMP: 2.33333
0.00000 0.00000 0.00000
-0.00000 -1.00000 -0.00000 0.00000
1.00000 1.00000 1.00000

0.00000 2.00000 0.00000
0.00835 0.00000 0.00000 0.99997
1.00000 1.00000 1.00000

KEYFRAME: 57
TIMESTAMP: 2.37500
0.00000 0.00000 0.00000
-0.00000 -1.00000 -0.00000 0.00000
1.00000 1.00000 1.00000

0.00000 2.00000 0.00000
0.00435 0.00000 0.00000 0.99999
1.00000 1.00000 1.00000

KEYFRAME: 58
TIMESTAMP: 2.41667
0.00000 0.00000 0.00000
-0.00000 -1.00000 -0.00000 0.00000
1.00000 1.00000 1.00000

0.00000 2.00000 0.00000
0.00175 0.00000 0.00000 1.00000
1.00000 1.00000 1.00000

KEYFRAME: 59
TIMESTAMP: 2.45833
0.00000 0.00000 0.00000
-0.00000 -1.00000 -0.00000 0.00000
1.00000 1.00000 1.00000

0.00000 2.00000 0.00000
0.00082 0.00000 0.00000 1.00000
1.00000 1.00000 1.00000



MESH_DATA ##############################
TEXTURE_PROFILE: DecalCrisp
TEXTURE_DIFFUSE: dark_wood.png
MESH_NAME: Cylinder
VERTEX_COUNT: 481
VERT:
-0.04877 2.20000 0.49520
-0.09802 0.00000 0.99518
0.98438 0.22500
Bone.001 0.88441 Bone 0.11559

VERT:
-0.04877 4.00000 0.49520
-0.06931 0.70711 0.70370
0.98438 0.00000
Bone.001 0.99534

VERT:
-0.09755 4.00000 0.49039
-0.14200 0.68570 0.71390
0.96875 0.00000
Bone.001 0.99540

VERT:
-0.09755 2.20000 0.49039
-0.19509 0.00000 0.98079
0.96875 0.22500
Bone.001 0.88440 Bone 0.11560

VERT:
-0.14444 2.20000 0.47617
-0.29028 0.00000 0.95694
0.95312 0.22500
Bone.001 0.88441 Bone 0.11559

VERT:
-0.14444 4.00000 0.47617
-0.20526 0.70711 0.67666
0.95312 0.00000
Bone.001 0.99545

VERT:
-0.19134 4.00000 0.46194
-0.27855 0.68570 0.67248
0.93750 0.00000
Bone.001 0.99540

VERT:
-0.19134 2.20000 0.46194
-0.38268 0.00000 0.92388
0.93750 0.22500
Bone.001 0.88440 Bone 0.11560

VERT:
-0.23456 2.20000 0.43884
-0.47140 0.00000 0.88192
0.20851 0.54945
Bone.001 0.88441 Bone 0.11559

VERT:
-0.23456 4.00000 0.43884
-0.33333 0.70711 0.62361
0.20851 0.99447
Bone.001 0.99534

VERT:
-0.27779 4.00000 0.41573
-0.40439 0.68570 0.60521
0.22055 0.99447
Bone.001 0.99530

VERT:
-0.27779 2.20000 0.41573
-0.55557 0.00000 0.83147
0.22055 0.54945
Bone.001 0.88440 Bone 0.11560

VERT:
-0.31567 2.20000 0.38464
-0.63439 0.00000 0.77301
0.23263 0.54945
Bone.001 0.88441 Bone 0.11559

VERT:
-0.31567 4.00000 0.38464
-0.44858 0.70711 0.54660
0.23263 0.99447
Bone.001 0.99526

VERT:
-0.35355 4.00000 0.35355
-0.51469 0.68570 0.51469
0.24471 0.99447
Bone.001 0.99526

VERT:
-0.35355 2.20000 0.35355
-0.70711 0.00000 0.70711
0.24471 0.54945
Bone.001 0.88440 Bone 0.11560

VERT:
-0.38464 2.20000 0.31567
-0.77301 0.00000 0.63439
0.25637 0.54945
Bone.001 0.88441 Bone 0.11559

VERT:
-0.38464 4.00000 0.31567
-0.54660 0.70711 0.44858
0.25637 0.99447
Bone.001 0.99524

VERT:
-0.41573 4.00000 0.27779
-0.60521 0.68570 0.40439
0.26803 0.99447
Bone.001 0.99524

VERT:
-0.41573 2.20000 0.27779
-0.83147 0.00000 0.55557
0.26803 0.54945
Bone.001 0.88440 Bone 0.11560

VERT:
-0.43884 2.20000 0.23456
-0.88192 0.00000 0.47140
0.27883 0.54945
Bone.001 0.88441 Bone 0.11559

VERT:
-0.43884 4.00000 0.23456
-0.62361 0.70711 0.33333
0.27883 0.99447
Bone.001 0.99524

VERT:
-0.46194 4.00000 0.19134
-0.67248 0.68570 0.27855
0.28962 0.99447
Bone.001 0.99525

VERT:
-0.46194 2.20000 0.19134
-0.92388 0.00000 0.38268
0.28962 0.54945
Bone.001 0.88440 Bone 0.11560

VERT:
-0.47617 2.20000 0.14444
-0.95694 0.00000 0.29028
0.29914 0.54945
Bone.001 0.88441 Bone 0.11559

VERT:
-0.47617 4.00000 0.14444
-0.67666 0.70711 0.20526
0.29914 0.99447
Bone.001 0.99525

VERT:
-0.49039 4.00000 0.09755
-0.71390 0.68570 0.14200
0.30866 0.99447
Bone.001 0.99526

VERT:
-0.49039 2.20000 0.09755
-0.98079 0.00000 0.19509
0.30866 0.54945
Bone.001 0.88440 Bone 0.11560

VERT:
-0.49520 2.20000 0.04877
-0.99518 0.00000 0.09802
0.01561 0.54945
Bone.001 0.88441 Bone 0.11559

VERT:
-0.49520 4.00000 0.04877
-0.70370 0.70711 0.06931
0.01561 0.99447
Bone.001 0.99527

VERT:
-0.50000 4.00000 0.00000
-0.72788 0.68570 -0.00000
0.02568 0.99447
Bone.001 0.99532

VERT:
-0.50000 2.20000 0.00000
-1.00000 0.00000 0.00000
0.02568 0.54945
Bone.001 0.88440 Bone 0.11560

VERT:
-0.49520 2.20000 -0.04877
-0.99518 0.00000 -0.09802
0.03687 0.54945
Bone.001 0.88441 Bone 0.11559

VERT:
-0.49520 4.00000 -0.04877
-0.70370 0.70711 -0.06931
0.03687 0.99447
Bone.001 0.99536

VERT:
-0.49039 4.00000 -0.09755
-0.71390 0.68570 -0.14200
0.04807 0.99447
Bone.001 0.99542

VERT:
-0.49039 2.20000 -0.09755
-0.98079 0.00000 -0.19509
0.04807 0.54945
Bone.001 0.88440 Bone 0.11560

VERT:
-0.47617 2.20000 -0.14444
-0.95694 0.00000 -0.29028
0.05995 0.54945
Bone.001 0.88441 Bone 0.11559

VERT:
-0.47617 4.00000 -0.14444
-0.67666 0.70711 -0.20526
0.05995 0.99447
Bone.001 0.99547

VERT:
-0.46194 4.00000 -0.19134
-0.67248 0.68570 -0.27855
0.07184 0.99447
Bone.001 0.99542

VERT:
-0.46194 2.20000 -0.19134
-0.92388 0.00000 -0.38268
0.07184 0.54945
Bone.001 0.88440 Bone 0.11560

VERT:
-0.43884 2.20000 -0.23456
-0.88192 0.00000 -0.47140
0.08395 0.54945
Bone.001 0.88441 Bone 0.11559

VERT:
-0.43884 4.00000 -0.23456
-0.62361 0.70711 -0.33333
0.08395 0.99447
Bone.001 0.99536

VERT:
-0.41573 4.00000 -0.27779
-0.60521 0.68570 -0.40439
0.09607 0.99447
Bone.001 0.99532

VERT:
-0.41573 2.20000 -0.27779
-0.83147 0.00000 -0.55557
0.09607 0.54945
Bone.001 0.88440 Bone 0.11560

VERT:
-0.38464 2.20000 -0.31567
-0.77301 0.00000 -0.63439
0.10795 0.54945
Bone.001 0.88441 Bone 0.11559

VERT:
-0.38464 4.00000 -0.31567
-0.54660 0.70711 -0.44858
0.10795 0.99447
Bone.001 0.99527

VERT:
-0.35355 4.00000 -0.35355
-0.51469 0.68570 -0.51469
0.11984 0.99447
Bone.001 0.99526

VERT:
-0.35355 2.20000 -0.35355
-0.70711 0.00000 -0.70711
0.11984 0.54945
Bone.001 0.88440 Bone 0.11560

VERT:
-0.31567 2.20000 -0.38464
-0.63439 0.00000 -0.77301
0.13103 0.54945
Bone.001 0.88441 Bone 0.11559

VERT:
-0.31567 4.00000 -0.38464
-0.44858 0.70711 -0.54660
0.13103 0.99447
Bone.001 0.99525

VERT:
-0.27779 4.00000 -0.41573
-0.40439 0.68570 -0.60521
0.14223 0.99447
Bone.001 0.99525

VERT:
-0.27779 2.20000 -0.41573
-0.55557 0.00000 -0.83147
0.14223 0.54945
Bone.001 0.88440 Bone 0.11560

VERT:
-0.23456 2.20000 -0.43884
-0.47140 0.00000 -0.88192
0.15230 0.54945
Bone.001 0.88441 Bone 0.11559

VERT:
-0.23456 4.00000 -0.43884
-0.33333 0.70711 -0.62361
0.15230 0.99447
Bone.001 0.99524

VERT:
-0.19134 4.00000 -0.46194
-0.27855 0.68570 -0.67248
0.16237 0.99447
Bone.001 0.99524

VERT:
-0.19134 2.20000 -0.46194
-0.38268 0.00000 -0.92388
0.16237 0.54945
Bone.001 0.88440 Bone 0.11560

VERT:
-0.14444 2.20000 -0.47617
-0.29028 0.00000 -0.95694
0.32870 0.54945
Bone.001 0.88441 Bone 0.11559

VERT:
-0.14444 4.00000 -0.47617
-0.20526 0.70711 -0.67666
0.32870 0.99447
Bone.001 0.99524

VERT:
-0.09755 4.00000 -0.49039
-0.14200 0.68570 -0.71390
0.33768 0.99447
Bone.001 0.99526

VERT:
-0.09755 2.20000 -0.49039
-0.19509 0.00000 -0.98079
0.33768 0.54945
Bone.001 0.88440 Bone 0.11560

VERT:
-0.04877 2.20000 -0.49520
-0.09802 0.00000 -0.99518
0.34807 0.54945
Bone.001 0.88441 Bone 0.11559

VERT:
-0.04877 4.00000 -0.49520
-0.06931 0.70711 -0.70370
0.34807 0.99447
Bone.001 0.99526

VERT:
0.00000 4.00000 -0.50000
0.00000 0.68570 -0.72788
0.35846 0.99447
Bone.001 0.99530

VERT:
0.00000 2.20000 -0.50000
0.00000 0.00000 -1.00000
0.35846 0.54945
Bone.001 0.88440 Bone 0.11560

VERT:
0.04877 2.20000 -0.49520
0.09802 0.00000 -0.99518
0.36987 0.54945
Bone.001 0.88441 Bone 0.11559

VERT:
0.04877 4.00000 -0.49520
0.06931 0.70711 -0.70370
0.36987 0.99447
Bone.001 0.99534

VERT:
0.09755 4.00000 -0.49039
0.14200 0.68570 -0.71390
0.38128 0.99447
Bone.001 0.99540

VERT:
0.09755 2.20000 -0.49039
0.19509 0.00000 -0.98079
0.38128 0.54945
Bone.001 0.88440 Bone 0.11560

VERT:
0.14444 2.20000 -0.47617
0.29028 0.00000 -0.95694
0.45312 0.22500
Bone.001 0.88441 Bone 0.11559

VERT:
0.14444 4.00000 -0.47617
0.20526 0.70711 -0.67666
0.45312 0.00000
Bone.001 0.99545

VERT:
0.19134 4.00000 -0.46194
0.27855 0.68570 -0.67248
0.43750 0.00000
Bone.001 0.99540

VERT:
0.19134 2.20000 -0.46194
0.38268 0.00000 -0.92388
0.43750 0.22500
Bone.001 0.88440 Bone 0.11560

VERT:
0.23456 2.20000 -0.43884
0.47140 0.00000 -0.88192
0.41735 0.54945
Bone.001 0.88441 Bone 0.11559

VERT:
0.23456 4.00000 -0.43884
0.33333 0.70711 -0.62361
0.41735 0.99447
Bone.001 0.99534

VERT:
0.27779 4.00000 -0.41573
0.40439 0.68570 -0.60521
0.42946 0.99447
Bone.001 0.99530

VERT:
0.27779 2.20000 -0.41573
0.55557 0.00000 -0.83147
0.42946 0.54945
Bone.001 0.88440 Bone 0.11560

VERT:
0.31567 2.20000 -0.38464
0.63439 0.00000 -0.77301
0.39062 0.22500
Bone.001 0.88441 Bone 0.11559

VERT:
0.31567 4.00000 -0.38464
0.44858 0.70711 -0.54660
0.39062 0.00000
Bone.001 0.99526

VERT:
0.35355 4.00000 -0.35355
0.51469 0.68570 -0.51469
0.37500 0.00000
Bone.001 0.99526

VERT:
0.35355 2.20000 -0.35355
0.70711 0.00000 -0.70711
0.37500 0.22500
Bone.001 0.88440 Bone 0.11560

VERT:
0.38464 2.20000 -0.31567
0.77301 0.00000 -0.63439
0.35938 0.22500
Bone.001 0.88441 Bone 0.11559

VERT:
0.38464 4.00000 -0.31567
0.54660 0.70711 -0.44858
0.35938 0.00000
Bone.001 0.99524

VERT:
0.41573 4.00000 -0.27779
0.60521 0.68570 -0.40439
0.34375 0.00000
Bone.001 0.99524

VERT:
0.41573 2.20000 -0.27779
0.83147 0.00000 -0.55557
0.34375 0.22500
Bone.001 0.88440 Bone 0.11560

VERT:
0.43884 2.20000 -0.23456
0.88192 0.00000 -0.47140
0.32812 0.22500
Bone.001 0.88441 Bone 0.11559

VERT:
0.43884 4.00000 -0.23456
0.62361 0.70711 -0.33333
0.32812 0.00000
Bone.001 0.99524

VERT:
0.46194 4.00000 -0.19134
0.67248 0.68570 -0.27855
0.31250 0.00000
Bone.001 0.99525

VERT:
0.46194 2.20000 -0.19134
0.92388 0.00000 -0.38268
0.31250 0.22500
Bone.001 0.88440 Bone 0.11560

VERT:
0.47617 2.20000 -0.14444
0.95694 0.00000 -0.29028
0.29688 0.22500
Bone.001 0.88441 Bone 0.11559

VERT:
0.47617 4.00000 -0.14444
0.67666 0.70711 -0.20526
0.29688 0.00000
Bone.001 0.99525

VERT:
0.49039 4.00000 -0.09755
0.71390 0.68570 -0.14200
0.28125 0.00000
Bone.001 0.99526

VERT:
0.49039 2.20000 -0.09755
0.98079 0.00000 -0.19509
0.28125 0.22500
Bone.001 0.88440 Bone 0.11560

VERT:
0.49520 2.20000 -0.04877
0.99518 0.00000 -0.09802
0.26562 0.22500
Bone.001 0.88441 Bone 0.11559

VERT:
0.49520 4.00000 -0.04877
0.70370 0.70711 -0.06931
0.26562 0.00000
Bone.001 0.99527

VERT:
0.50000 4.00000 0.00000
0.72788 0.68570 -0.00000
0.25000 0.00000
Bone.001 0.99532

VERT:
0.50000 2.20000 0.00000
1.00000 0.00000 0.00000
0.25000 0.22500
Bone.001 0.88440 Bone 0.11560

VERT:
0.49520 2.20000 0.04877
0.99518 0.00000 0.09802
0.23438 0.22500
Bone.001 0.88441 Bone 0.11559

VERT:
0.49520 4.00000 0.04877
0.70370 0.70711 0.06931
0.23438 0.00000
Bone.001 0.99536

VERT:
0.49039 4.00000 0.09755
0.71390 0.68570 0.14200
0.21875 0.00000
Bone.001 0.99542

VERT:
0.49039 2.20000 0.09755
0.98079 0.00000 0.19509
0.21875 0.22500
Bone.001 0.88440 Bone 0.11560

VERT:
0.47617 2.20000 0.14444
0.95694 0.00000 0.29028
0.20312 0.22500
Bone.001 0.88441 Bone 0.11559

VERT:
0.47617 4.00000 0.14444
0.67666 0.70711 0.20526
0.20312 0.00000
Bone.001 0.99547

VERT:
0.46194 4.00000 0.19134
0.67248 0.68570 0.27855
0.18750 0.00000
Bone.001 0.99542

VERT:
0.46194 2.20000 0.19134
0.92388 0.00000 0.38268
0.18750 0.22500
Bone.001 0.88440 Bone 0.11560

VERT:
0.43884 2.20000 0.23456
0.88192 0.00000 0.47140
0.17188 0.22500
Bone.001 0.88441 Bone 0.11559

VERT:
0.43884 4.00000 0.23456
0.62361 0.70711 0.33333
0.17188 0.00000
Bone.001 0.99536

VERT:
0.41573 4.00000 0.27779
0.60521 0.68570 0.40439
0.15625 0.00000
Bone.001 0.99532

VERT:
0.41573 2.20000 0.27779
0.83147 0.00000 0.55557
0.15625 0.22500
Bone.001 0.88440 Bone 0.11560

VERT:
0.38464 2.20000 0.31567
0.77301 0.00000 0.63439
0.14062 0.22500
Bone.001 0.88441 Bone 0.11559

VERT:
0.38464 4.00000 0.31567
0.54660 0.70711 0.44858
0.14062 0.00000
Bone.001 0.99527

VERT:
0.35355 4.00000 0.35355
0.51469 0.68570 0.51469
0.12500 0.00000
Bone.001 0.99526

VERT:
0.35355 2.20000 0.35355
0.70711 0.00000 0.70711
0.12500 0.22500
Bone.001 0.88440 Bone 0.11560

VERT:
0.31567 2.20000 0.38464
0.63439 0.00000 0.77301
0.10938 0.22500
Bone.001 0.88441 Bone 0.11559

VERT:
0.31567 4.00000 0.38464
0.44858 0.70711 0.54660
0.10938 0.00000
Bone.001 0.99525

VERT:
0.27779 4.00000 0.41573
0.40439 0.68570 0.60521
0.09375 0.00000
Bone.001 0.99525

VERT:
0.27779 2.20000 0.41573
0.55557 0.00000 0.83147
0.09375 0.22500
Bone.001 0.88440 Bone 0.11560

VERT:
0.23456 2.20000 0.43884
0.47140 0.00000 0.88192
0.07812 0.22500
Bone.001 0.88441 Bone 0.11559

VERT:
0.23456 4.00000 0.43884
0.33333 0.70711 0.62361
0.07812 0.00000
Bone.001 0.99524

VERT:
0.19134 4.00000 0.46194
0.27855 0.68570 0.67248
0.06250 0.00000
Bone.001 0.99524

VERT:
0.19134 2.20000 0.46194
0.38268 0.00000 0.92388
0.06250 0.22500
Bone.001 0.88440 Bone 0.11560

VERT:
-0.09755 4.00000 0.49039
-0.14200 0.68570 0.71390
0.29682 0.51461
Bone.001 0.99540

VERT:
-0.04877 4.00000 0.49520
-0.06931 0.70711 0.70370
0.27341 0.51231
Bone.001 0.99534

VERT:
0.00000 4.00000 0.50000
0.00000 0.68570 0.72788
0.25000 0.51000
Bone.001 0.99530

VERT:
0.04877 4.00000 0.49520
0.06931 0.70711 0.70370
0.22659 0.51231
Bone.001 0.99526

VERT:
0.09755 4.00000 0.49039
0.14200 0.68570 0.71390
0.20318 0.51461
Bone.001 0.99526

VERT:
0.14444 4.00000 0.47617
0.20526 0.70711 0.67666
0.18067 0.52144
Bone.001 0.99524

VERT:
0.19134 4.00000 0.46194
0.27855 0.68570 0.67248
0.15816 0.52827
Bone.001 0.99524

VERT:
0.23456 4.00000 0.43884
0.33333 0.70711 0.62361
0.13741 0.53936
Bone.001 0.99524

VERT:
0.27779 4.00000 0.41573
0.40439 0.68570 0.60521
0.11666 0.55045
Bone.001 0.99525

VERT:
0.31567 4.00000 0.38464
0.44858 0.70711 0.54660
0.09848 0.56537
Bone.001 0.99525

VERT:
0.35355 4.00000 0.35355
0.51469 0.68570 0.51469
0.08029 0.58029
Bone.001 0.99526

VERT:
0.38464 4.00000 0.31567
0.54660 0.70711 0.44858
0.06537 0.59848
Bone.001 0.99527

VERT:
0.41573 4.00000 0.27779
0.60521 0.68570 0.40439
0.05045 0.61666
Bone.001 0.99532

VERT:
0.43884 4.00000 0.23456
0.62361 0.70711 0.33333
0.03936 0.63741
Bone.001 0.99536

VERT:
0.46194 4.00000 0.19134
0.67248 0.68570 0.27855
0.02827 0.65816
Bone.001 0.99542

VERT:
0.47617 4.00000 0.14444
0.67666 0.70711 0.20526
0.02144 0.68067
Bone.001 0.99547

VERT:
0.49039 4.00000 0.09755
0.71390 0.68570 0.14200
0.01461 0.70318
Bone.001 0.99542

VERT:
0.49520 4.00000 0.04877
0.70370 0.70711 0.06931
0.01231 0.72659
Bone.001 0.99536

VERT:
0.50000 4.00000 0.00000
0.72788 0.68570 -0.00000
0.01000 0.75000
Bone.001 0.99532

VERT:
0.49520 4.00000 -0.04877
0.70370 0.70711 -0.06931
0.01231 0.77341
Bone.001 0.99527

VERT:
0.49039 4.00000 -0.09755
0.71390 0.68570 -0.14200
0.01461 0.79682
Bone.001 0.99526

VERT:
0.47617 4.00000 -0.14444
0.67666 0.70711 -0.20526
0.02144 0.81933
Bone.001 0.99525

VERT:
0.46194 4.00000 -0.19134
0.67248 0.68570 -0.27855
0.02827 0.84184
Bone.001 0.99525

VERT:
0.43884 4.00000 -0.23456
0.62361 0.70711 -0.33333
0.03936 0.86259
Bone.001 0.99524

VERT:
0.41573 4.00000 -0.27779
0.60521 0.68570 -0.40439
0.05045 0.88334
Bone.001 0.99524

VERT:
0.38464 4.00000 -0.31567
0.54660 0.70711 -0.44858
0.06537 0.90152
Bone.001 0.99524

VERT:
0.35355 4.00000 -0.35355
0.51469 0.68570 -0.51469
0.08029 0.91971
Bone.001 0.99526

VERT:
0.31567 4.00000 -0.38464
0.44858 0.70711 -0.54660
0.09848 0.93463
Bone.001 0.99526

VERT:
0.27779 4.00000 -0.41573
0.40439 0.68570 -0.60521
0.11666 0.94955
Bone.001 0.99530

VERT:
0.23456 4.00000 -0.43884
0.33333 0.70711 -0.62361
0.13741 0.96064
Bone.001 0.99534

VERT:
0.19134 4.00000 -0.46194
0.27855 0.68570 -0.67248
0.15816 0.97173
Bone.001 0.99540

VERT:
0.14444 4.00000 -0.47617
0.20526 0.70711 -0.67666
0.18067 0.97856
Bone.001 0.99545

VERT:
0.09755 4.00000 -0.49039
0.14200 0.68570 -0.71390
0.20318 0.98539
Bone.001 0.99540

VERT:
0.04877 4.00000 -0.49520
0.06931 0.70711 -0.70370
0.22659 0.98769
Bone.001 0.99534

VERT:
0.00000 4.00000 -0.50000
0.00000 0.68570 -0.72788
0.25000 0.99000
Bone.001 0.99530

VERT:
-0.04877 4.00000 -0.49520
-0.06931 0.70711 -0.70370
0.27341 0.98769
Bone.001 0.99526

VERT:
-0.09755 4.00000 -0.49039
-0.14200 0.68570 -0.71390
0.29682 0.98539
Bone.001 0.99526

VERT:
-0.14444 4.00000 -0.47617
-0.20526 0.70711 -0.67666
0.31933 0.97856
Bone.001 0.99524

VERT:
-0.19134 4.00000 -0.46194
-0.27855 0.68570 -0.67248
0.34184 0.97173
Bone.001 0.99524

VERT:
-0.23456 4.00000 -0.43884
-0.33333 0.70711 -0.62361
0.36259 0.96064
Bone.001 0.99524

VERT:
-0.27779 4.00000 -0.41573
-0.40439 0.68570 -0.60521
0.38334 0.94955
Bone.001 0.99525

VERT:
-0.31567 4.00000 -0.38464
-0.44858 0.70711 -0.54660
0.40152 0.93463
Bone.001 0.99525

VERT:
-0.35355 4.00000 -0.35355
-0.51469 0.68570 -0.51469
0.41971 0.91971
Bone.001 0.99526

VERT:
-0.38464 4.00000 -0.31567
-0.54660 0.70711 -0.44858
0.43463 0.90152
Bone.001 0.99527

VERT:
-0.41573 4.00000 -0.27779
-0.60521 0.68570 -0.40439
0.44955 0.88334
Bone.001 0.99532

VERT:
-0.43884 4.00000 -0.23456
-0.62361 0.70711 -0.33333
0.46064 0.86259
Bone.001 0.99536

VERT:
-0.46194 4.00000 -0.19134
-0.67248 0.68570 -0.27855
0.47173 0.84184
Bone.001 0.99542

VERT:
-0.47617 4.00000 -0.14444
-0.67666 0.70711 -0.20526
0.47856 0.81933
Bone.001 0.99547

VERT:
-0.49039 4.00000 -0.09755
-0.71390 0.68570 -0.14200
0.48539 0.79682
Bone.001 0.99542

VERT:
-0.49520 4.00000 -0.04877
-0.70370 0.70711 -0.06931
0.48769 0.77341
Bone.001 0.99536

VERT:
-0.50000 4.00000 0.00000
-0.72788 0.68570 -0.00000
0.49000 0.75000
Bone.001 0.99532

VERT:
-0.49520 4.00000 0.04877
-0.70370 0.70711 0.06931
0.48769 0.72659
Bone.001 0.99527

VERT:
-0.49039 4.00000 0.09755
-0.71390 0.68570 0.14200
0.48539 0.70318
Bone.001 0.99526

VERT:
-0.47617 4.00000 0.14444
-0.67666 0.70711 0.20526
0.47856 0.68067
Bone.001 0.99525

VERT:
-0.46194 4.00000 0.19134
-0.67248 0.68570 0.27855
0.47173 0.65816
Bone.001 0.99525

VERT:
-0.43884 4.00000 0.23456
-0.62361 0.70711 0.33333
0.46064 0.63741
Bone.001 0.99524

VERT:
-0.41573 4.00000 0.27779
-0.60521 0.68570 0.40439
0.44955 0.61666
Bone.001 0.99524

VERT:
-0.38464 4.00000 0.31567
-0.54660 0.70711 0.44858
0.43463 0.59848
Bone.001 0.99524

VERT:
-0.35355 4.00000 0.35355
-0.51469 0.68570 0.51469
0.41971 0.58029
Bone.001 0.99526

VERT:
-0.31567 4.00000 0.38464
-0.44858 0.70711 0.54660
0.40152 0.56537
Bone.001 0.99526

VERT:
-0.27779 4.00000 0.41573
-0.40439 0.68570 0.60521
0.38334 0.55045
Bone.001 0.99530

VERT:
-0.23456 4.00000 0.43884
-0.33333 0.70711 0.62361
0.36259 0.53936
Bone.001 0.99534

VERT:
-0.19134 4.00000 0.46194
-0.27855 0.68570 0.67248
0.34184 0.52827
Bone.001 0.99540

VERT:
-0.14444 4.00000 0.47617
-0.20526 0.70711 0.67666
0.31933 0.52144
Bone.001 0.99545

VERT:
0.14444 2.20000 0.47617
0.29028 0.00000 0.95694
0.04688 0.22500
Bone.001 0.88441 Bone 0.11559

VERT:
0.14444 4.00000 0.47617
0.20526 0.70711 0.67666
0.04688 0.00000
Bone.001 0.99524

VERT:
0.09755 4.00000 0.49039
0.14200 0.68570 0.71390
0.03125 0.00000
Bone.001 0.99526

VERT:
0.09755 2.20000 0.49039
0.19509 0.00000 0.98079
0.03125 0.22500
Bone.001 0.88440 Bone 0.11560

VERT:
0.04877 2.20000 0.49520
0.09802 0.00000 0.99518
0.01562 0.22500
Bone.001 0.88441 Bone 0.11559

VERT:
0.04877 4.00000 0.49520
0.06931 0.70711 0.70370
0.01562 0.00000
Bone.001 0.99526

VERT:
0.00000 4.00000 0.50000
0.00000 0.68570 0.72788
0.00000 0.00000
Bone.001 0.99530

VERT:
0.00000 2.20000 0.50000
0.00000 0.00000 1.00000
0.00000 0.22500
Bone.001 0.88440 Bone 0.11560

VERT:
0.00000 0.00000 0.50000
0.00000 -0.68570 0.72788
0.75000 0.51000
Bone 0.99540

VERT:
-0.04877 0.00000 0.49520
-0.06931 -0.70711 0.70370
0.77341 0.51231
Bone 0.99534

VERT:
-0.09755 0.00000 0.49039
-0.14200 -0.68570 0.71390
0.79682 0.51461
Bone 0.99530

VERT:
-0.14444 0.00000 0.47617
-0.20526 -0.70711 0.67666
0.81933 0.52144
Bone 0.99526

VERT:
-0.19134 0.00000 0.46194
-0.27855 -0.68570 0.67248
0.84184 0.52827
Bone 0.99526

VERT:
-0.23456 0.00000 0.43884
-0.33333 -0.70711 0.62361
0.86259 0.53936
Bone 0.99524

VERT:
-0.27779 0.00000 0.41573
-0.40439 -0.68570 0.60521
0.88334 0.55045
Bone 0.99524

VERT:
-0.31567 0.00000 0.38464
-0.44858 -0.70711 0.54660
0.90152 0.56537
Bone 0.99524

VERT:
-0.35355 0.00000 0.35355
-0.51469 -0.68570 0.51469
0.91971 0.58029
Bone 0.99525

VERT:
-0.38464 0.00000 0.31567
-0.54660 -0.70711 0.44858
0.93463 0.59848
Bone 0.99525

VERT:
-0.41573 0.00000 0.27779
-0.60521 -0.68570 0.40439
0.94955 0.61666
Bone 0.99526

VERT:
-0.43884 0.00000 0.23456
-0.62361 -0.70711 0.33333
0.96064 0.63741
Bone 0.99527

VERT:
-0.46194 0.00000 0.19134
-0.67248 -0.68570 0.27855
0.97173 0.65816
Bone 0.99532

VERT:
-0.47617 0.00000 0.14444
-0.67666 -0.70711 0.20526
0.97856 0.68067
Bone 0.99536

VERT:
-0.49039 0.00000 0.09755
-0.71390 -0.68570 0.14200
0.98539 0.70318
Bone 0.99542

VERT:
-0.49520 0.00000 0.04877
-0.70370 -0.70711 0.06931
0.98769 0.72659
Bone 0.99547

VERT:
-0.50000 0.00000 0.00000
-0.72788 -0.68570 0.00000
0.99000 0.75000
Bone 0.99542

VERT:
-0.49520 0.00000 -0.04877
-0.70370 -0.70711 -0.06931
0.98769 0.77341
Bone 0.99536

VERT:
-0.49039 0.00000 -0.09755
-0.71390 -0.68570 -0.14200
0.98539 0.79682
Bone 0.99532

VERT:
-0.47617 0.00000 -0.14444
-0.67666 -0.70711 -0.20526
0.97856 0.81933
Bone 0.99527

VERT:
-0.46194 0.00000 -0.19134
-0.67248 -0.68570 -0.27855
0.97173 0.84184
Bone 0.99526

VERT:
-0.43884 0.00000 -0.23456
-0.62361 -0.70711 -0.33333
0.96064 0.86259
Bone 0.99525

VERT:
-0.41573 0.00000 -0.27779
-0.60521 -0.68570 -0.40439
0.94955 0.88334
Bone 0.99525

VERT:
-0.38464 0.00000 -0.31567
-0.54660 -0.70711 -0.44858
0.93463 0.90152
Bone 0.99524

VERT:
-0.35355 0.00000 -0.35355
-0.51469 -0.68570 -0.51469
0.91971 0.91971
Bone 0.99524

VERT:
-0.31567 0.00000 -0.38464
-0.44858 -0.70711 -0.54660
0.90152 0.93463
Bone 0.99524

VERT:
-0.27779 0.00000 -0.41573
-0.40439 -0.68570 -0.60521
0.88334 0.94955
Bone 0.99526

VERT:
-0.23456 0.00000 -0.43884
-0.33333 -0.70711 -0.62361
0.86259 0.96064
Bone 0.99526

VERT:
-0.19134 0.00000 -0.46194
-0.27855 -0.68570 -0.67248
0.84184 0.97173
Bone 0.99530

VERT:
-0.14444 0.00000 -0.47617
-0.20526 -0.70711 -0.67666
0.81933 0.97856
Bone 0.99534

VERT:
-0.09755 0.00000 -0.49039
-0.14200 -0.68570 -0.71390
0.79682 0.98539
Bone 0.99540

VERT:
-0.04877 0.00000 -0.49520
-0.06931 -0.70711 -0.70370
0.77341 0.98769
Bone 0.99545

VERT:
0.00000 0.00000 -0.50000
0.00000 -0.68570 -0.72788
0.75000 0.99000
Bone 0.99540

VERT:
0.04877 0.00000 -0.49520
0.06931 -0.70711 -0.70370
0.72659 0.98769
Bone 0.99534

VERT:
0.09755 0.00000 -0.49039
0.14200 -0.68570 -0.71390
0.70318 0.98539
Bone 0.99530

VERT:
0.14444 0.00000 -0.47617
0.20526 -0.70711 -0.67666
0.68067 0.97856
Bone 0.99526

VERT:
0.19134 0.00000 -0.46194
0.27855 -0.68570 -0.67248
0.65816 0.97173
Bone 0.99526

VERT:
0.23456 0.00000 -0.43884
0.33333 -0.70711 -0.62361
0.63741 0.96064
Bone 0.99524

VERT:
0.27779 0.00000 -0.41573
0.40439 -0.68570 -0.60521
0.61666 0.94955
Bone 0.99524

VERT:
0.31567 0.00000 -0.38464
0.44858 -0.70711 -0.54660
0.59848 0.93463
Bone 0.99524

VERT:
0.35355 0.00000 -0.35355
0.51469 -0.68570 -0.51469
0.58029 0.91971
Bone 0.99525

VERT:
0.38464 0.00000 -0.31567
0.54660 -0.70711 -0.44858
0.56537 0.90152
Bone 0.99525

VERT:
0.41573 0.00000 -0.27779
0.60521 -0.68570 -0.40439
0.55045 0.88334
Bone 0.99526

VERT:
0.43884 0.00000 -0.23456
0.62361 -0.70711 -0.33333
0.53936 0.86259
Bone 0.99527

VERT:
0.46194 0.00000 -0.19134
0.67248 -0.68570 -0.27855
0.52827 0.84184
Bone 0.99532

VERT:
0.47617 0.00000 -0.14444
0.67666 -0.70711 -0.20526
0.52144 0.81933
Bone 0.99536

VERT:
0.49039 0.00000 -0.09755
0.71390 -0.68570 -0.14200
0.51461 0.79682
Bone 0.99542

VERT:
0.49520 0.00000 -0.04877
0.70370 -0.70711 -0.06931
0.51231 0.77341
Bone 0.99547

VERT:
0.50000 0.00000 0.00000
0.72788 -0.68570 0.00000
0.51000 0.75000
Bone 0.99542

VERT:
0.49520 0.00000 0.04877
0.70370 -0.70711 0.06931
0.51231 0.72659
Bone 0.99536

VERT:
0.49039 0.00000 0.09755
0.71390 -0.68570 0.14200
0.51461 0.70318
Bone 0.99532

VERT:
0.47617 0.00000 0.14444
0.67666 -0.70711 0.20526
0.52144 0.68067
Bone 0.99527

VERT:
0.46194 0.00000 0.19134
0.67248 -0.68570 0.27855
0.52827 0.65816
Bone 0.99526

VERT:
0.43884 0.00000 0.23456
0.62361 -0.70711 0.33333
0.53936 0.63741
Bone 0.99525

VERT:
0.41573 0.00000 0.27779
0.60521 -0.68570 0.40439
0.55045 0.61666
Bone 0.99525

VERT:
0.38464 0.00000 0.31567
0.54660 -0.70711 0.44858
0.56537 0.59848
Bone 0.99524

VERT:
0.35355 0.00000 0.35355
0.51469 -0.68570 0.51469
0.58029 0.58029
Bone 0.99524

VERT:
0.31567 0.00000 0.38464
0.44858 -0.70711 0.54660
0.59848 0.56537
Bone 0.99524

VERT:
0.27779 0.00000 0.41573
0.40439 -0.68570 0.60521
0.61666 0.55045
Bone 0.99526

VERT:
0.23456 0.00000 0.43884
0.33333 -0.70711 0.62361
0.63741 0.53936
Bone 0.99526

VERT:
0.19134 0.00000 0.46194
0.27855 -0.68570 0.67248
0.65816 0.52827
Bone 0.99530

VERT:
0.14444 0.00000 0.47617
0.20526 -0.70711 0.67666
0.68067 0.52144
Bone 0.99534

VERT:
0.09755 0.00000 0.49039
0.14200 -0.68570 0.71390
0.70318 0.51461
Bone 0.99540

VERT:
0.04877 0.00000 0.49520
0.06931 -0.70711 0.70370
0.72659 0.51231
Bone 0.99545

VERT:
0.04877 1.80000 0.49520
0.09802 0.00000 0.99518
0.01562 0.27500
Bone 0.88441 Bone.001 0.11559

VERT:
0.04877 2.00000 0.49520
0.09802 0.00000 0.99518
0.01562 0.25000
Bone 0.50000 Bone.001 0.50000

VERT:
0.00000 2.00000 0.50000
0.00000 0.00000 1.00000
0.00000 0.25000
Bone 0.50000 Bone.001 0.50000

VERT:
0.00000 1.80000 0.50000
0.00000 0.00000 1.00000
0.00000 0.27500
Bone 0.88440 Bone.001 0.11560

VERT:
0.09755 1.80000 0.49039
0.19509 0.00000 0.98079
0.03125 0.27500
Bone 0.88440 Bone.001 0.11560

VERT:
0.09755 2.00000 0.49039
0.19509 0.00000 0.98079
0.03125 0.25000
Bone 0.50000 Bone.001 0.50000

VERT:
0.14444 1.80000 0.47617
0.29028 0.00000 0.95694
0.04688 0.27500
Bone 0.88441 Bone.001 0.11559

VERT:
0.14444 2.00000 0.47617
0.29028 0.00000 0.95694
0.04688 0.25000
Bone 0.50000 Bone.001 0.50000

VERT:
0.19134 1.80000 0.46194
0.38268 0.00000 0.92388
0.06250 0.27500
Bone 0.88440 Bone.001 0.11560

VERT:
0.19134 2.00000 0.46194
0.38268 0.00000 0.92388
0.06250 0.25000
Bone 0.50000 Bone.001 0.50000

VERT:
0.23456 1.80000 0.43884
0.47140 0.00000 0.88192
0.07812 0.27500
Bone 0.88441 Bone.001 0.11559

VERT:
0.23456 2.00000 0.43884
0.47140 0.00000 0.88192
0.07812 0.25000
Bone 0.50000 Bone.001 0.50000

VERT:
0.27779 1.80000 0.41573
0.55557 0.00000 0.83147
0.09375 0.27500
Bone 0.88440 Bone.001 0.11560

VERT:
0.27779 2.00000 0.41573
0.55557 0.00000 0.83147
0.09375 0.25000
Bone 0.50000 Bone.001 0.50000

VERT:
0.31567 1.80000 0.38464
0.63439 0.00000 0.77301
0.10938 0.27500
Bone 0.88441 Bone.001 0.11559

VERT:
0.31567 2.00000 0.38464
0.63439 0.00000 0.77301
0.10938 0.25000
Bone 0.50000 Bone.001 0.50000

VERT:
0.35355 1.80000 0.35355
0.70711 0.00000 0.70711
0.12500 0.27500
Bone 0.88440 Bone.001 0.11560

VERT:
0.35355 2.00000 0.35355
0.70711 0.00000 0.70711
0.12500 0.25000
Bone 0.50000 Bone.001 0.50000

VERT:
0.38464 1.80000 0.31567
0.77301 0.00000 0.63439
0.14062 0.27500
Bone 0.88441 Bone.001 0.11559

VERT:
0.38464 2.00000 0.31567
0.77301 0.00000 0.63439
0.14062 0.25000
Bone 0.50000 Bone.001 0.50000

VERT:
0.41573 1.80000 0.27779
0.83147 0.00000 0.55557
0.15625 0.27500
Bone 0.88440 Bone.001 0.11560

VERT:
0.41573 2.00000 0.27779
0.83147 0.00000 0.55557
0.15625 0.25000
Bone 0.50000 Bone.001 0.50000

VERT:
0.43884 1.80000 0.23456
0.88192 0.00000 0.47140
0.17188 0.27500
Bone 0.88441 Bone.001 0.11559

VERT:
0.43884 2.00000 0.23456
0.88192 0.00000 0.47140
0.17188 0.25000
Bone 0.50000 Bone.001 0.50000

VERT:
0.46194 1.80000 0.19134
0.92388 0.00000 0.38268
0.18750 0.27500
Bone 0.88440 Bone.001 0.11560

VERT:
0.46194 2.00000 0.19134
0.92388 0.00000 0.38268
0.18750 0.25000
Bone 0.50000 Bone.001 0.50000

VERT:
0.47617 1.80000 0.14444
0.95694 0.00000 0.29028
0.20312 0.27500
Bone 0.88441 Bone.001 0.11559

VERT:
0.47617 2.00000 0.14444
0.95694 0.00000 0.29028
0.20312 0.25000
Bone 0.50000 Bone.001 0.50000

VERT:
0.49039 1.80000 0.09755
0.98079 0.00000 0.19509
0.21875 0.27500
Bone 0.88440 Bone.001 0.11560

VERT:
0.49039 2.00000 0.09755
0.98079 0.00000 0.19509
0.21875 0.25000
Bone 0.50000 Bone.001 0.50000

VERT:
0.49520 1.80000 0.04877
0.99518 0.00000 0.09802
0.23438 0.27500
Bone 0.88441 Bone.001 0.11559

VERT:
0.49520 2.00000 0.04877
0.99518 0.00000 0.09802
0.23438 0.25000
Bone 0.50000 Bone.001 0.50000

VERT:
0.50000 1.80000 0.00000
1.00000 0.00000 0.00000
0.25000 0.27500
Bone 0.88440 Bone.001 0.11560

VERT:
0.50000 2.00000 0.00000
1.00000 0.00000 0.00000
0.25000 0.25000
Bone 0.50000 Bone.001 0.50000

VERT:
0.49520 1.80000 -0.04877
0.99518 0.00000 -0.09802
0.26562 0.27500
Bone 0.88441 Bone.001 0.11559

VERT:
0.49520 2.00000 -0.04877
0.99518 0.00000 -0.09802
0.26562 0.25000
Bone 0.50000 Bone.001 0.50000

VERT:
0.49039 1.80000 -0.09755
0.98079 0.00000 -0.19509
0.28125 0.27500
Bone 0.88440 Bone.001 0.11560

VERT:
0.49039 2.00000 -0.09755
0.98079 0.00000 -0.19509
0.28125 0.25000
Bone 0.50000 Bone.001 0.50000

VERT:
0.47617 1.80000 -0.14444
0.95694 0.00000 -0.29028
0.29688 0.27500
Bone 0.88441 Bone.001 0.11559

VERT:
0.47617 2.00000 -0.14444
0.95694 0.00000 -0.29028
0.29688 0.25000
Bone 0.50000 Bone.001 0.50000

VERT:
0.46194 1.80000 -0.19134
0.92388 0.00000 -0.38268
0.31250 0.27500
Bone 0.88440 Bone.001 0.11560

VERT:
0.46194 2.00000 -0.19134
0.92388 0.00000 -0.38268
0.31250 0.25000
Bone 0.50000 Bone.001 0.50000

VERT:
0.43884 1.80000 -0.23456
0.88192 0.00000 -0.47140
0.32812 0.27500
Bone 0.88441 Bone.001 0.11559

VERT:
0.43884 2.00000 -0.23456
0.88192 0.00000 -0.47140
0.32812 0.25000
Bone 0.50000 Bone.001 0.50000

VERT:
0.41573 1.80000 -0.27779
0.83147 0.00000 -0.55557
0.34375 0.27500
Bone 0.88440 Bone.001 0.11560

VERT:
0.41573 2.00000 -0.27779
0.83147 0.00000 -0.55557
0.34375 0.25000
Bone 0.50000 Bone.001 0.50000

VERT:
0.38464 1.80000 -0.31567
0.77301 0.00000 -0.63439
0.35938 0.27500
Bone 0.88441 Bone.001 0.11559

VERT:
0.38464 2.00000 -0.31567
0.77301 0.00000 -0.63439
0.35938 0.25000
Bone 0.50000 Bone.001 0.50000

VERT:
0.35355 1.80000 -0.35355
0.70711 0.00000 -0.70711
0.37500 0.27500
Bone 0.88440 Bone.001 0.11560

VERT:
0.35355 2.00000 -0.35355
0.70711 0.00000 -0.70711
0.37500 0.25000
Bone 0.50000 Bone.001 0.50000

VERT:
0.31567 1.80000 -0.38464
0.63439 0.00000 -0.77301
0.39062 0.27500
Bone 0.88441 Bone.001 0.11559

VERT:
0.31567 2.00000 -0.38464
0.63439 0.00000 -0.77301
0.39062 0.25000
Bone 0.50000 Bone.001 0.50000

VERT:
0.27779 1.80000 -0.41573
0.55557 0.00000 -0.83147
0.40625 0.27500
Bone 0.88440 Bone.001 0.11560

VERT:
0.27779 2.00000 -0.41573
0.55557 0.00000 -0.83147
0.40625 0.25000
Bone 0.50000 Bone.001 0.50000

VERT:
0.31567 4.00000 -0.38464
0.44858 0.70711 -0.54660
0.44121 0.99447
Bone.001 0.99526

VERT:
0.31567 2.20000 -0.38464
0.63439 0.00000 -0.77301
0.44121 0.54945
Bone.001 0.88441 Bone 0.11559

VERT:
0.23456 1.80000 -0.43884
0.47140 0.00000 -0.88192
0.41735 0.45055
Bone 0.88441 Bone.001 0.11559

VERT:
0.23456 2.00000 -0.43884
0.47140 0.00000 -0.88192
0.41735 0.50000
Bone 0.50000 Bone.001 0.50000

VERT:
0.27779 2.00000 -0.41573
0.55557 0.00000 -0.83147
0.42946 0.50000
Bone 0.50000 Bone.001 0.50000

VERT:
0.27779 1.80000 -0.41573
0.55557 0.00000 -0.83147
0.42946 0.45055
Bone 0.88440 Bone.001 0.11560

VERT:
0.19134 1.80000 -0.46194
0.38268 0.00000 -0.92388
0.40525 0.45055
Bone 0.88440 Bone.001 0.11560

VERT:
0.19134 2.00000 -0.46194
0.38268 0.00000 -0.92388
0.40525 0.50000
Bone 0.50000 Bone.001 0.50000

VERT:
0.19134 2.20000 -0.46194
0.38268 0.00000 -0.92388
0.40525 0.54945
Bone.001 0.88440 Bone 0.11560

VERT:
0.19134 4.00000 -0.46194
0.27855 0.68570 -0.67248
0.40525 0.99447
Bone.001 0.99540

VERT:
0.14444 1.80000 -0.47617
0.29028 0.00000 -0.95694
0.39327 0.45055
Bone 0.88441 Bone.001 0.11559

VERT:
0.14444 2.00000 -0.47617
0.29028 0.00000 -0.95694
0.39327 0.50000
Bone 0.50000 Bone.001 0.50000

VERT:
0.09755 1.80000 -0.49039
0.19509 0.00000 -0.98079
0.38128 0.45055
Bone 0.88440 Bone.001 0.11560

VERT:
0.09755 2.00000 -0.49039
0.19509 0.00000 -0.98079
0.38128 0.50000
Bone 0.50000 Bone.001 0.50000

VERT:
0.09755 2.20000 -0.49039
0.19509 0.00000 -0.98079
0.46875 0.22500
Bone.001 0.88440 Bone 0.11560

VERT:
0.09755 4.00000 -0.49039
0.14200 0.68570 -0.71390
0.46875 0.00000
Bone.001 0.99540

VERT:
0.04877 1.80000 -0.49520
0.09802 0.00000 -0.99518
0.36987 0.45055
Bone 0.88441 Bone.001 0.11559

VERT:
0.04877 2.00000 -0.49520
0.09802 0.00000 -0.99518
0.36987 0.50000
Bone 0.50000 Bone.001 0.50000

VERT:
0.00000 1.80000 -0.50000
0.00000 0.00000 -1.00000
0.35846 0.45055
Bone 0.88440 Bone.001 0.11560

VERT:
0.00000 2.00000 -0.50000
0.00000 0.00000 -1.00000
0.35846 0.50000
Bone 0.50000 Bone.001 0.50000

VERT:
-0.04877 1.80000 -0.49520
-0.09802 0.00000 -0.99518
0.34807 0.45055
Bone 0.88441 Bone.001 0.11559

VERT:
-0.04877 2.00000 -0.49520
-0.09802 0.00000 -0.99518
0.34807 0.50000
Bone 0.50000 Bone.001 0.50000

VERT:
-0.09755 1.80000 -0.49039
-0.19509 0.00000 -0.98079
0.33768 0.45055
Bone 0.88440 Bone.001 0.11560

VERT:
-0.09755 2.00000 -0.49039
-0.19509 0.00000 -0.98079
0.33768 0.50000
Bone 0.50000 Bone.001 0.50000

VERT:
-0.14444 1.80000 -0.47617
-0.29028 0.00000 -0.95694
0.32870 0.45055
Bone 0.88441 Bone.001 0.11559

VERT:
-0.14444 2.00000 -0.47617
-0.29028 0.00000 -0.95694
0.32870 0.50000
Bone 0.50000 Bone.001 0.50000

VERT:
-0.19134 1.80000 -0.46194
-0.38268 0.00000 -0.92388
0.31972 0.45055
Bone 0.88440 Bone.001 0.11560

VERT:
-0.19134 2.00000 -0.46194
-0.38268 0.00000 -0.92388
0.31972 0.50000
Bone 0.50000 Bone.001 0.50000

VERT:
-0.19134 2.20000 -0.46194
-0.38268 0.00000 -0.92388
0.31972 0.54945
Bone.001 0.88440 Bone 0.11560

VERT:
-0.19134 4.00000 -0.46194
-0.27855 0.68570 -0.67248
0.31972 0.99447
Bone.001 0.99524

VERT:
-0.23456 1.80000 -0.43884
-0.47140 0.00000 -0.88192
0.15230 0.45055
Bone 0.88441 Bone.001 0.11559

VERT:
-0.23456 2.00000 -0.43884
-0.47140 0.00000 -0.88192
0.15230 0.50000
Bone 0.50000 Bone.001 0.50000

VERT:
-0.19134 2.00000 -0.46194
-0.38268 0.00000 -0.92388
0.16237 0.50000
Bone 0.50000 Bone.001 0.50000

VERT:
-0.19134 1.80000 -0.46194
-0.38268 0.00000 -0.92388
0.16237 0.45055
Bone 0.88440 Bone.001 0.11560

VERT:
-0.27779 1.80000 -0.41573
-0.55557 0.00000 -0.83147
0.14223 0.45055
Bone 0.88440 Bone.001 0.11560

VERT:
-0.27779 2.00000 -0.41573
-0.55557 0.00000 -0.83147
0.14223 0.50000
Bone 0.50000 Bone.001 0.50000

VERT:
-0.31567 1.80000 -0.38464
-0.63439 0.00000 -0.77301
0.13103 0.45055
Bone 0.88441 Bone.001 0.11559

VERT:
-0.31567 2.00000 -0.38464
-0.63439 0.00000 -0.77301
0.13103 0.50000
Bone 0.50000 Bone.001 0.50000

VERT:
-0.35355 1.80000 -0.35355
-0.70711 0.00000 -0.70711
0.11984 0.45055
Bone 0.88440 Bone.001 0.11560

VERT:
-0.35355 2.00000 -0.35355
-0.70711 0.00000 -0.70711
0.11984 0.50000
Bone 0.50000 Bone.001 0.50000

VERT:
-0.38464 1.80000 -0.31567
-0.77301 0.00000 -0.63439
0.10795 0.45055
Bone 0.88441 Bone.001 0.11559

VERT:
-0.38464 2.00000 -0.31567
-0.77301 0.00000 -0.63439
0.10795 0.50000
Bone 0.50000 Bone.001 0.50000

VERT:
-0.41573 1.80000 -0.27779
-0.83147 0.00000 -0.55557
0.09607 0.45055
Bone 0.88440 Bone.001 0.11560

VERT:
-0.41573 2.00000 -0.27779
-0.83147 0.00000 -0.55557
0.09607 0.50000
Bone 0.50000 Bone.001 0.50000

VERT:
-0.43884 1.80000 -0.23456
-0.88192 0.00000 -0.47140
0.08395 0.45055
Bone 0.88441 Bone.001 0.11559

VERT:
-0.43884 2.00000 -0.23456
-0.88192 0.00000 -0.47140
0.08395 0.50000
Bone 0.50000 Bone.001 0.50000

VERT:
-0.46194 1.80000 -0.19134
-0.92388 0.00000 -0.38268
0.07184 0.45055
Bone 0.88440 Bone.001 0.11560

VERT:
-0.46194 2.00000 -0.19134
-0.92388 0.00000 -0.38268
0.07184 0.50000
Bone 0.50000 Bone.001 0.50000

VERT:
-0.47617 1.80000 -0.14444
-0.95694 0.00000 -0.29028
0.05995 0.45055
Bone 0.88441 Bone.001 0.11559

VERT:
-0.47617 2.00000 -0.14444
-0.95694 0.00000 -0.29028
0.05995 0.50000
Bone 0.50000 Bone.001 0.50000

VERT:
-0.49039 1.80000 -0.09755
-0.98079 0.00000 -0.19509
0.04807 0.45055
Bone 0.88440 Bone.001 0.11560

VERT:
-0.49039 2.00000 -0.09755
-0.98079 0.00000 -0.19509
0.04807 0.50000
Bone 0.50000 Bone.001 0.50000

VERT:
-0.49520 1.80000 -0.04877
-0.99518 0.00000 -0.09802
0.03687 0.45055
Bone 0.88441 Bone.001 0.11559

VERT:
-0.49520 2.00000 -0.04877
-0.99518 0.00000 -0.09802
0.03687 0.50000
Bone 0.50000 Bone.001 0.50000

VERT:
-0.50000 1.80000 0.00000
-1.00000 0.00000 0.00000
0.02568 0.45055
Bone 0.88440 Bone.001 0.11560

VERT:
-0.50000 2.00000 0.00000
-1.00000 0.00000 0.00000
0.02568 0.50000
Bone 0.50000 Bone.001 0.50000

VERT:
-0.49520 1.80000 0.04877
-0.99518 0.00000 0.09802
0.01561 0.45055
Bone 0.88441 Bone.001 0.11559

VERT:
-0.49520 2.00000 0.04877
-0.99518 0.00000 0.09802
0.01561 0.50000
Bone 0.50000 Bone.001 0.50000

VERT:
-0.49039 1.80000 0.09755
-0.98079 0.00000 0.19509
0.00553 0.45055
Bone 0.88440 Bone.001 0.11560

VERT:
-0.49039 2.00000 0.09755
-0.98079 0.00000 0.19509
0.00553 0.50000
Bone 0.50000 Bone.001 0.50000

VERT:
-0.49039 2.20000 0.09755
-0.98079 0.00000 0.19509
0.00553 0.54945
Bone.001 0.88440 Bone 0.11560

VERT:
-0.49039 4.00000 0.09755
-0.71390 0.68570 0.14200
0.00553 0.99447
Bone.001 0.99526

VERT:
-0.47617 1.80000 0.14444
-0.95694 0.00000 0.29028
0.29914 0.45055
Bone 0.88441 Bone.001 0.11559

VERT:
-0.47617 2.00000 0.14444
-0.95694 0.00000 0.29028
0.29914 0.50000
Bone 0.50000 Bone.001 0.50000

VERT:
-0.49039 2.00000 0.09755
-0.98079 0.00000 0.19509
0.30866 0.50000
Bone 0.50000 Bone.001 0.50000

VERT:
-0.49039 1.80000 0.09755
-0.98079 0.00000 0.19509
0.30866 0.45055
Bone 0.88440 Bone.001 0.11560

VERT:
-0.46194 1.80000 0.19134
-0.92388 0.00000 0.38268
0.28962 0.45055
Bone 0.88440 Bone.001 0.11560

VERT:
-0.46194 2.00000 0.19134
-0.92388 0.00000 0.38268
0.28962 0.50000
Bone 0.50000 Bone.001 0.50000

VERT:
-0.43884 1.80000 0.23456
-0.88192 0.00000 0.47140
0.27883 0.45055
Bone 0.88441 Bone.001 0.11559

VERT:
-0.43884 2.00000 0.23456
-0.88192 0.00000 0.47140
0.27883 0.50000
Bone 0.50000 Bone.001 0.50000

VERT:
-0.41573 1.80000 0.27779
-0.83147 0.00000 0.55557
0.26803 0.45055
Bone 0.88440 Bone.001 0.11560

VERT:
-0.41573 2.00000 0.27779
-0.83147 0.00000 0.55557
0.26803 0.50000
Bone 0.50000 Bone.001 0.50000

VERT:
-0.38464 1.80000 0.31567
-0.77301 0.00000 0.63439
0.25637 0.45055
Bone 0.88441 Bone.001 0.11559

VERT:
-0.38464 2.00000 0.31567
-0.77301 0.00000 0.63439
0.25637 0.50000
Bone 0.50000 Bone.001 0.50000

VERT:
-0.35355 1.80000 0.35355
-0.70711 0.00000 0.70711
0.24471 0.45055
Bone 0.88440 Bone.001 0.11560

VERT:
-0.35355 2.00000 0.35355
-0.70711 0.00000 0.70711
0.24471 0.50000
Bone 0.50000 Bone.001 0.50000

VERT:
-0.31567 1.80000 0.38464
-0.63439 0.00000 0.77301
0.23263 0.45055
Bone 0.88441 Bone.001 0.11559

VERT:
-0.31567 2.00000 0.38464
-0.63439 0.00000 0.77301
0.23263 0.50000
Bone 0.50000 Bone.001 0.50000

VERT:
-0.27779 1.80000 0.41573
-0.55557 0.00000 0.83147
0.22055 0.45055
Bone 0.88440 Bone.001 0.11560

VERT:
-0.27779 2.00000 0.41573
-0.55557 0.00000 0.83147
0.22055 0.50000
Bone 0.50000 Bone.001 0.50000

VERT:
-0.23456 1.80000 0.43884
-0.47140 0.00000 0.88192
0.20851 0.45055
Bone 0.88441 Bone.001 0.11559

VERT:
-0.23456 2.00000 0.43884
-0.47140 0.00000 0.88192
0.20851 0.50000
Bone 0.50000 Bone.001 0.50000

VERT:
-0.19134 1.80000 0.46194
-0.38268 0.00000 0.92388
0.19648 0.45055
Bone 0.88440 Bone.001 0.11560

VERT:
-0.19134 2.00000 0.46194
-0.38268 0.00000 0.92388
0.19648 0.50000
Bone 0.50000 Bone.001 0.50000

VERT:
-0.19134 2.20000 0.46194
-0.38268 0.00000 0.92388
0.19648 0.54945
Bone.001 0.88440 Bone 0.11560

VERT:
-0.19134 4.00000 0.46194
-0.27855 0.68570 0.67248
0.19648 0.99447
Bone.001 0.99540

VERT:
-0.14444 1.80000 0.47617
-0.29028 0.00000 0.95694
0.18496 0.45055
Bone 0.88441 Bone.001 0.11559

VERT:
-0.14444 2.00000 0.47617
-0.29028 0.00000 0.95694
0.18496 0.50000
Bone 0.50000 Bone.001 0.50000

VERT:
-0.09755 1.80000 0.49039
-0.19509 0.00000 0.98079
0.17344 0.45055
Bone 0.88440 Bone.001 0.11560

VERT:
-0.09755 2.00000 0.49039
-0.19509 0.00000 0.98079
0.17344 0.50000
Bone 0.50000 Bone.001 0.50000

VERT:
-0.04877 1.80000 0.49520
-0.09802 0.00000 0.99518
0.98438 0.27500
Bone 0.88441 Bone.001 0.11559

VERT:
-0.04877 2.00000 0.49520
-0.09802 0.00000 0.99518
0.98438 0.25000
Bone 0.50000 Bone.001 0.50000

VERT:
-0.09755 2.00000 0.49039
-0.19509 0.00000 0.98079
0.96875 0.25000
Bone 0.50000 Bone.001 0.50000

VERT:
-0.09755 1.80000 0.49039
-0.19509 0.00000 0.98079
0.96875 0.27500
Bone 0.88440 Bone.001 0.11560

VERT:
0.00000 1.80000 0.50000
0.00000 0.00000 1.00000
1.00000 0.27500
Bone 0.88440 Bone.001 0.11560

VERT:
0.00000 2.00000 0.50000
0.00000 0.00000 1.00000
1.00000 0.25000
Bone 0.50000 Bone.001 0.50000

VERT:
0.00000 2.20000 0.50000
0.00000 0.00000 1.00000
1.00000 0.22500
Bone.001 0.88440 Bone 0.11560

VERT:
0.00000 4.00000 0.50000
0.00000 0.68570 0.72788
1.00000 0.00000
Bone.001 0.99530

VERT:
-0.09755 2.20000 0.49039
-0.19509 0.00000 0.98079
0.17344 0.54945
Bone.001 0.88440 Bone 0.11560

VERT:
-0.14444 2.20000 0.47617
-0.29028 0.00000 0.95694
0.18496 0.54945
Bone.001 0.88441 Bone 0.11559

VERT:
0.14444 2.20000 -0.47617
0.29028 0.00000 -0.95694
0.39327 0.54945
Bone.001 0.88441 Bone 0.11559

VERT:
0.31567 2.00000 -0.38464
0.63439 0.00000 -0.77301
0.44121 0.50000
Bone 0.50000 Bone.001 0.50000

VERT:
0.00000 0.00000 0.50000
0.00000 -0.68570 0.72788
1.00000 0.50000
Bone 0.99540

VERT:
-0.04877 0.00000 0.49520
-0.06931 -0.70711 0.70370
0.98438 0.50000
Bone 0.99534

VERT:
-0.09755 0.00000 0.49039
-0.14200 -0.68570 0.71390
0.96875 0.50000
Bone 0.99530

VERT:
-0.09755 0.00000 0.49039
-0.14200 -0.68570 0.71390
0.17344 0.00553
Bone 0.99530

VERT:
-0.14444 0.00000 0.47617
-0.20526 -0.70711 0.67666
0.18496 0.00553
Bone 0.99526

VERT:
-0.19134 0.00000 0.46194
-0.27855 -0.68570 0.67248
0.19648 0.00553
Bone 0.99526

VERT:
-0.23456 0.00000 0.43884
-0.33333 -0.70711 0.62361
0.20851 0.00553
Bone 0.99524

VERT:
-0.27779 0.00000 0.41573
-0.40439 -0.68570 0.60521
0.22055 0.00553
Bone 0.99524

VERT:
-0.31567 0.00000 0.38464
-0.44858 -0.70711 0.54660
0.23263 0.00553
Bone 0.99524

VERT:
-0.35355 0.00000 0.35355
-0.51469 -0.68570 0.51469
0.24471 0.00553
Bone 0.99525

VERT:
-0.38464 0.00000 0.31567
-0.54660 -0.70711 0.44858
0.25637 0.00553
Bone 0.99525

VERT:
-0.41573 0.00000 0.27779
-0.60521 -0.68570 0.40439
0.26803 0.00553
Bone 0.99526

VERT:
-0.43884 0.00000 0.23456
-0.62361 -0.70711 0.33333
0.27883 0.00553
Bone 0.99527

VERT:
-0.46194 0.00000 0.19134
-0.67248 -0.68570 0.27855
0.28962 0.00553
Bone 0.99532

VERT:
-0.47617 0.00000 0.14444
-0.67666 -0.70711 0.20526
0.29914 0.00553
Bone 0.99536

VERT:
-0.49039 0.00000 0.09755
-0.71390 -0.68570 0.14200
0.30866 0.00553
Bone 0.99542

VERT:
-0.49039 0.00000 0.09755
-0.71390 -0.68570 0.14200
0.00553 0.00553
Bone 0.99542

VERT:
-0.49520 0.00000 0.04877
-0.70370 -0.70711 0.06931
0.01561 0.00553
Bone 0.99547

VERT:
-0.50000 0.00000 0.00000
-0.72788 -0.68570 0.00000
0.02568 0.00553
Bone 0.99542

VERT:
-0.49520 0.00000 -0.04877
-0.70370 -0.70711 -0.06931
0.03687 0.00553
Bone 0.99536

VERT:
-0.49039 0.00000 -0.09755
-0.71390 -0.68570 -0.14200
0.04807 0.00553
Bone 0.99532

VERT:
-0.47617 0.00000 -0.14444
-0.67666 -0.70711 -0.20526
0.05995 0.00553
Bone 0.99527

VERT:
-0.46194 0.00000 -0.19134
-0.67248 -0.68570 -0.27855
0.07184 0.00553
Bone 0.99526

VERT:
-0.43884 0.00000 -0.23456
-0.62361 -0.70711 -0.33333
0.08395 0.00553
Bone 0.99525

VERT:
-0.41573 0.00000 -0.27779
-0.60521 -0.68570 -0.40439
0.09607 0.00553
Bone 0.99525

VERT:
-0.38464 0.00000 -0.31567
-0.54660 -0.70711 -0.44858
0.10795 0.00553
Bone 0.99524

VERT:
-0.35355 0.00000 -0.35355
-0.51469 -0.68570 -0.51469
0.11984 0.00553
Bone 0.99524

VERT:
-0.31567 0.00000 -0.38464
-0.44858 -0.70711 -0.54660
0.13103 0.00553
Bone 0.99524

VERT:
-0.27779 0.00000 -0.41573
-0.40439 -0.68570 -0.60521
0.14223 0.00553
Bone 0.99526

VERT:
-0.23456 0.00000 -0.43884
-0.33333 -0.70711 -0.62361
0.15230 0.00553
Bone 0.99526

VERT:
-0.19134 0.00000 -0.46194
-0.27855 -0.68570 -0.67248
0.16237 0.00553
Bone 0.99530

VERT:
-0.19134 0.00000 -0.46194
-0.27855 -0.68570 -0.67248
0.31972 0.00553
Bone 0.99530

VERT:
-0.14444 0.00000 -0.47617
-0.20526 -0.70711 -0.67666
0.32870 0.00553
Bone 0.99534

VERT:
-0.09755 0.00000 -0.49039
-0.14200 -0.68570 -0.71390
0.33768 0.00553
Bone 0.99540

VERT:
-0.04877 0.00000 -0.49520
-0.06931 -0.70711 -0.70370
0.34807 0.00553
Bone 0.99545

VERT:
0.00000 0.00000 -0.50000
0.00000 -0.68570 -0.72788
0.35846 0.00553
Bone 0.99540

VERT:
0.04877 0.00000 -0.49520
0.06931 -0.70711 -0.70370
0.36987 0.00553
Bone 0.99534

VERT:
0.09755 0.00000 -0.49039
0.14200 -0.68570 -0.71390
0.38128 0.00553
Bone 0.99530

VERT:
0.14444 0.00000 -0.47617
0.20526 -0.70711 -0.67666
0.39327 0.00553
Bone 0.99526

VERT:
0.19134 0.00000 -0.46194
0.27855 -0.68570 -0.67248
0.40525 0.00553
Bone 0.99526

VERT:
0.23456 0.00000 -0.43884
0.33333 -0.70711 -0.62361
0.41735 0.00553
Bone 0.99524

VERT:
0.27779 0.00000 -0.41573
0.40439 -0.68570 -0.60521
0.42946 0.00553
Bone 0.99524

VERT:
0.27779 0.00000 -0.41573
0.40439 -0.68570 -0.60521
0.40625 0.50000
Bone 0.99524

VERT:
0.31567 0.00000 -0.38464
0.44858 -0.70711 -0.54660
0.39062 0.50000
Bone 0.99524

VERT:
0.35355 0.00000 -0.35355
0.51469 -0.68570 -0.51469
0.37500 0.50000
Bone 0.99525

VERT:
0.38464 0.00000 -0.31567
0.54660 -0.70711 -0.44858
0.35938 0.50000
Bone 0.99525

VERT:
0.41573 0.00000 -0.27779
0.60521 -0.68570 -0.40439
0.34375 0.50000
Bone 0.99526

VERT:
0.43884 0.00000 -0.23456
0.62361 -0.70711 -0.33333
0.32812 0.50000
Bone 0.99527

VERT:
0.46194 0.00000 -0.19134
0.67248 -0.68570 -0.27855
0.31250 0.50000
Bone 0.99532

VERT:
0.47617 0.00000 -0.14444
0.67666 -0.70711 -0.20526
0.29688 0.50000
Bone 0.99536

VERT:
0.49039 0.00000 -0.09755
0.71390 -0.68570 -0.14200
0.28125 0.50000
Bone 0.99542

VERT:
0.49520 0.00000 -0.04877
0.70370 -0.70711 -0.06931
0.26562 0.50000
Bone 0.99547

VERT:
0.50000 0.00000 0.00000
0.72788 -0.68570 0.00000
0.25000 0.50000
Bone 0.99542

VERT:
0.49520 0.00000 0.04877
0.70370 -0.70711 0.06931
0.23438 0.50000
Bone 0.99536

VERT:
0.49039 0.00000 0.09755
0.71390 -0.68570 0.14200
0.21875 0.50000
Bone 0.99532

VERT:
0.47617 0.00000 0.14444
0.67666 -0.70711 0.20526
0.20312 0.50000
Bone 0.99527

VERT:
0.46194 0.00000 0.19134
0.67248 -0.68570 0.27855
0.18750 0.50000
Bone 0.99526

VERT:
0.43884 0.00000 0.23456
0.62361 -0.70711 0.33333
0.17188 0.50000
Bone 0.99525

VERT:
0.41573 0.00000 0.27779
0.60521 -0.68570 0.40439
0.15625 0.50000
Bone 0.99525

VERT:
0.38464 0.00000 0.31567
0.54660 -0.70711 0.44858
0.14062 0.50000
Bone 0.99524

VERT:
0.35355 0.00000 0.35355
0.51469 -0.68570 0.51469
0.12500 0.50000
Bone 0.99524

VERT:
0.31567 0.00000 0.38464
0.44858 -0.70711 0.54660
0.10938 0.50000
Bone 0.99524

VERT:
0.27779 0.00000 0.41573
0.40439 -0.68570 0.60521
0.09375 0.50000
Bone 0.99526

VERT:
0.23456 0.00000 0.43884
0.33333 -0.70711 0.62361
0.07812 0.50000
Bone 0.99526

VERT:
0.19134 0.00000 0.46194
0.27855 -0.68570 0.67248
0.06250 0.50000
Bone 0.99530

VERT:
0.14444 0.00000 0.47617
0.20526 -0.70711 0.67666
0.04688 0.50000
Bone 0.99534

VERT:
0.09755 0.00000 0.49039
0.14200 -0.68570 0.71390
0.03125 0.50000
Bone 0.99540

VERT:
0.04877 0.00000 0.49520
0.06931 -0.70711 0.70370
0.01562 0.50000
Bone 0.99545

VERT:
0.00000 0.00000 0.50000
0.00000 -0.68570 0.72788
0.00000 0.50000
Bone 0.99540

INDEX_COUNT: 1908
0 1 2 0 2 3 4 5 6 4 6 7 8 9 10 8 10 11 12 13 14 12 14 15 16 17 18 16 18 19 20 21 22 20 22 23 24 25 26 24 26 27 28 29 30 28 30 31 32 33 34 32 34 35 36 37 38 36 38 39 40 41 42 40 42 43 44 45 46 44 46 47 48 49 50 48 50 51 52 53 54 52 54 55 56 57 58 56 58 59 60 61 62 60 62 63 64 65 66 64 66 67 68 69 70 68 70 71 72 73 74 72 74 75 76 77 78 76 78 79 80 81 82 80 82 83 84 85 86 84 86 87 88 89 90 88 90 91 92 93 94 92 94 95 96 97 98 96 98 99 100 101 102 100 102 103 104 105 106 104 106 107 108 109 110 108 110 111 112 113 114 112 114 115 116 117 118 116 118 119 120 121 122 120 122 123 120 123 124 120 124 125 120 125 126 120 126 127 120 127 128 120 128 129 120 129 130 120 130 131 120 131 132 120 132 133 120 133 134 120 134 135 120 135 136 120 136 137 120 137 138 120 138 139 120 139 140 120 140 141 120 141 142 120 142 143 120 143 144 120 144 145 120 145 146 120 146 147 120 147 148 120 148 149 120 149 150 120 150 151 120 151 152 120 152 153 120 153 154 120 154 155 120 155 156 120 156 157 120 157 158 120 158 159 120 159 160 120 160 161 120 161 162 120 162 163 120 163 164 120 164 165 120 165 166 120 166 167 120 167 168 120 168 169 120 169 170 120 170 171 120 171 172 120 172 173 120 173 174 120 174 175 120 175 176 120 176 177 120 177 178 120 178 179 120 179 180 120 180 181 120 181 182 120 182 183 184 185 186 184 186 187 188 189 190 188 190 191 192 193 194 192 194 195 192 195 196 192 196 197 192 197 198 192 198 199 192 199 200 192 200 201 192 201 202 192 202 203 192 203 204 192 204 205 192 205 206 192 206 207 192 207 208 192 208 209 192 209 210 192 210 211 192 211 212 192 212 213 192 213 214 192 214 215 192 215 216 192 216 217 192 217 218 192 218 219 192 219 220 192 220 221 192 221 222 192 222 223 192 223 224 192 224 225 192 225 226 192 226 227 192 227 228 192 228 229 192 229 230 192 230 231 192 231 232 192 232 233 192 233 234 192 234 235 192 235 236 192 236 237 192 237 238 192 238 239 192 239 240 192 240 241 192 241 242 192 242 243 192 243 244 192 244 245 192 245 246 192 246 247 192 247 248 192 248 249 192 249 250 192 250 251 192 251 252 192 252 253 192 253 254 192 254 255 256 257 258 256 258 259 260 261 257 260 257 256 187 186 189 187 189 188 262 263 261 262 261 260 264 265 263 264 263 262 119 118 185 119 185 184 266 267 265 266 265 264 268 269 267 268 267 266 115 114 117 115 117 116 270 271 269 270 269 268 272 273 271 272 271 270 111 110 113 111 113 112 274 275 273 274 273 272 276 277 275 276 275 274 107 106 109 107 109 108 278 279 277 278 277 276 280 281 279 280 279 278 103 102 105 103 105 104 282 283 281 282 281 280 284 285 283 284 283 282 99 98 101 99 101 100 286 287 285 286 285 284 288 289 287 288 287 286 95 94 97 95 97 96 290 291 289 290 289 288 292 293 291 292 291 290 91 90 93 91 93 92 294 295 293 294 293 292 296 297 295 296 295 294 87 86 89 87 89 88 298 299 297 298 297 296 300 301 299 300 299 298 83 82 85 83 85 84 302 303 301 302 301 300 304 305 303 304 303 302 79 78 81 79 81 80 306 307 305 306 305 304 308 309 307 308 307 306 75 74 310 75 310 311 312 313 314 312 314 315 316 317 313 316 313 312 318 319 73 318 73 72 320 321 317 320 317 316 322 323 321 322 321 320 324 325 69 324 69 68 326 327 323 326 323 322 328 329 327 328 327 326 63 62 65 63 65 64 330 331 329 330 329 328 332 333 331 332 331 330 59 58 61 59 61 60 334 335 333 334 333 332 336 337 335 336 335 334 338 339 57 338 57 56 340 341 342 340 342 343 344 345 341 344 341 340 51 50 53 51 53 52 346 347 345 346 345 344 348 349 347 348 347 346 47 46 49 47 49 48 350 351 349 350 349 348 352 353 351 352 351 350 43 42 45 43 45 44 354 355 353 354 353 352 356 357 355 356 355 354 39 38 41 39 41 40 358 359 357 358 357 356 360 361 359 360 359 358 35 34 37 35 37 36 362 363 361 362 361 360 364 365 363 364 363 362 31 30 33 31 33 32 366 367 365 366 365 364 368 369 367 368 367 366 370 371 29 370 29 28 372 373 374 372 374 375 376 377 373 376 373 372 23 22 25 23 25 24 378 379 377 378 377 376 380 381 379 380 379 378 19 18 21 19 21 20 382 383 381 382 381 380 384 385 383 384 383 382 15 14 17 15 17 16 386 387 385 386 385 384 388 389 387 388 387 386 11 10 13 11 13 12 390 391 389 390 389 388 392 393 391 392 391 390 394 395 9 394 9 8 396 397 393 396 393 392 398 399 397 398 397 396 3 2 5 3 5 4 400 401 402 400 402 403 404 405 401 404 401 400 406 407 1 406 1 0 405 406 0 405 0 401 399 408 409 399 409 397 393 394 8 393 8 391 389 11 12 389 12 387 385 15 16 385 16 383 381 19 20 381 20 379 377 23 24 377 24 373 369 370 28 369 28 367 365 31 32 365 32 363 361 35 36 361 36 359 357 39 40 357 40 355 353 43 44 353 44 351 349 47 48 349 48 347 345 51 52 345 52 341 337 338 56 337 56 335 333 59 60 333 60 331 329 63 64 329 64 327 323 67 410 323 410 321 317 318 72 317 72 313 314 75 311 314 311 411 305 79 80 305 80 303 301 83 84 301 84 299 297 87 88 297 88 295 293 91 92 293 92 291 289 95 96 289 96 287 285 99 100 285 100 283 281 103 104 281 104 279 277 107 108 277 108 275 273 111 112 273 112 271 269 115 116 269 116 267 265 119 184 265 184 263 261 187 188 261 188 257 257 188 191 257 191 258 263 184 187 263 187 261 267 116 119 267 119 265 271 112 115 271 115 269 275 108 111 275 111 273 279 104 107 279 107 277 283 100 103 283 103 281 287 96 99 287 99 285 291 92 95 291 95 289 295 88 91 295 91 293 299 84 87 299 87 297 303 80 83 303 83 301 307 76 79 307 79 305 313 72 75 313 75 314 321 410 318 321 318 317 327 64 67 327 67 323 331 60 63 331 63 329 335 56 59 335 59 333 341 52 55 341 55 342 347 48 51 347 51 345 351 44 47 351 47 349 355 40 43 355 43 353 359 36 39 359 39 357 363 32 35 363 35 361 367 28 31 367 31 365 373 24 27 373 27 374 379 20 23 379 23 377 383 16 19 383 19 381 387 12 15 387 15 385 391 8 11 391 11 389 397 409 394 397 394 393 401 0 3 401 3 402 412 404 400 412 400 413 413 400 403 413 403 414 415 398 396 415 396 416 416 396 392 416 392 417 417 392 390 417 390 418 418 390 388 418 388 419 419 388 386 419 386 420 420 386 384 420 384 421 421 384 382 421 382 422 422 382 380 422 380 423 423 380 378 423 378 424 424 378 376 424 376 425 425 376 372 425 372 426 426 372 375 426 375 427 428 368 366 428 366 429 429 366 364 429 364 430 430 364 362 430 362 431 431 362 360 431 360 432 432 360 358 432 358 433 433 358 356 433 356 434 434 356 354 434 354 435 435 354 352 435 352 436 436 352 350 436 350 437 437 350 348 437 348 438 438 348 346 438 346 439 439 346 344 439 344 440 440 344 340 440 340 441 441 340 343 441 343 442 443 336 334 443 334 444 444 334 332 444 332 445 445 332 330 445 330 446 446 330 328 446 328 447 447 328 326 447 326 448 448 326 322 448 322 449 449 322 320 449 320 450 450 320 316 450 316 451 451 316 312 451 312 452 452 312 315 452 315 453 454 308 306 454 306 455 455 306 304 455 304 456 456 304 302 456 302 457 457 302 300 457 300 458 458 300 298 458 298 459 459 298 296 459 296 460 460 296 294 460 294 461 461 294 292 461 292 462 462 292 290 462 290 463 463 290 288 463 288 464 464 288 286 464 286 465 465 286 284 465 284 466 466 284 282 466 282 467 467 282 280 467 280 468 468 280 278 468 278 469 469 278 276 469 276 470 470 276 274 470 274 471 471 274 272 471 272 472 472 272 270 472 270 473 473 270 268 473 268 474 474 268 266 474 266 475 475 266 264 475 264 476 476 264 262 476 262 477 477 262 260 477 260 478 478 260 256 478 256 479 479 256 259 479 259 480 
