TEXTURE_DIFFUSE: t_paintpoly_flowersandclutter_albedo_GOLD_alpha.png
MATERIAL_COLOR 0: 0.800000 0.800000 0.800000 1.000000
MESH_NAME: model_grass_01
VERTEX_COUNT: 297
VERT:
0.09661 -0.01829 0.02891
0.43734 0.00846 -0.89926
0.63029 0.97670
WEIGHTS: None

VERT:
0.08785 0.37894 0.02838
0.43734 0.00846 -0.89926
0.62115 0.60053
WEIGHTS: None

VERT:
0.13156 0.38737 0.04972
0.43734 0.00846 -0.89926
0.68106 0.59283
WEIGHTS: None

VERT:
0.12287 0.42526 0.04538
0.43901 -0.00220 -0.89848
0.66928 0.55690
WEIGHTS: None

VERT:
0.13156 0.38737 0.04972
0.43901 -0.00220 -0.89848
0.68106 0.59283
WEIGHTS: None

VERT:
0.08785 0.37894 0.02838
0.43901 -0.00220 -0.89848
0.62115 0.60053
WEIGHTS: None

VERT:
0.00757 0.29864 0.01723
0.13590 0.00169 -0.99072
0.52076 0.67622
WEIGHTS: None

VERT:
0.08785 0.37894 0.02838
0.13590 0.00169 -0.99072
0.62115 0.60053
WEIGHTS: None

VERT:
0.09661 -0.01829 0.02891
0.13590 0.00169 -0.99072
0.63029 0.97670
WEIGHTS: None

VERT:
-0.15987 0.33746 -0.02749
0.34432 0.01923 -0.93866
0.30971 0.64056
WEIGHTS: None

VERT:
-0.05041 0.23294 0.01052
0.34432 0.01923 -0.93866
0.44871 0.73819
WEIGHTS: None

VERT:
-0.02602 -0.02112 0.01426
0.34432 0.01923 -0.93866
0.47825 0.97886
WEIGHTS: None

VERT:
-0.05041 0.23294 0.01052
0.11865 -0.00324 -0.99293
0.44871 0.73819
WEIGHTS: None

VERT:
0.00757 0.29864 0.01723
0.11865 -0.00324 -0.99293
0.52076 0.67622
WEIGHTS: None

VERT:
-0.02602 -0.02112 0.01426
0.11865 -0.00324 -0.99293
0.47825 0.97886
WEIGHTS: None

VERT:
-0.05960 0.32871 0.02124
-0.00988 0.11028 -0.99385
0.43901 0.64754
WEIGHTS: None

VERT:
0.00757 0.29864 0.01723
-0.00988 0.11028 -0.99385
0.52076 0.67622
WEIGHTS: None

VERT:
-0.05041 0.23294 0.01052
-0.00988 0.11028 -0.99385
0.44871 0.73819
WEIGHTS: None

VERT:
-0.01822 0.35451 0.01930
-0.04440 -0.00362 -0.99901
0.49007 0.62324
WEIGHTS: None

VERT:
-0.05960 0.32871 0.02124
-0.04440 -0.00362 -0.99901
0.43901 0.64754
WEIGHTS: None

VERT:
-0.04490 0.37433 0.02042
-0.04440 -0.00362 -0.99901
0.45725 0.61109
WEIGHTS: None

VERT:
-0.09578 0.34734 -0.02353
0.11238 -0.35696 -0.92734
0.38866 0.63042
WEIGHTS: None

VERT:
-0.15987 0.33746 -0.02749
0.11238 -0.35696 -0.92734
0.30971 0.64056
WEIGHTS: None

VERT:
-0.15053 0.37339 -0.04019
0.11238 -0.35696 -0.92734
0.31938 0.60261
WEIGHTS: None

VERT:
0.08785 0.37894 0.02838
0.43901 -0.00220 -0.89848
0.62115 0.60053
WEIGHTS: None

VERT:
0.07220 0.48230 0.02048
0.43901 -0.00220 -0.89848
0.60003 0.50256
WEIGHTS: None

VERT:
0.09356 0.46164 0.03097
0.43901 -0.00220 -0.89848
0.62923 0.52226
WEIGHTS: None

VERT:
-0.02381 -0.01649 -0.01849
0.94013 -0.04263 0.33814
0.48914 0.27992
WEIGHTS: None

VERT:
-0.00373 0.14353 -0.05414
0.94013 -0.04263 0.33814
0.42729 0.46426
WEIGHTS: None

VERT:
-0.02548 0.09217 -0.00013
0.94013 -0.04263 0.33814
0.51496 0.40542
WEIGHTS: None

VERT:
-0.00373 0.14353 -0.05414
0.92596 0.00483 0.37758
0.42729 0.46426
WEIGHTS: None

VERT:
-0.02304 0.21499 -0.00769
0.92596 0.00483 0.37758
0.50235 0.54713
WEIGHTS: None

VERT:
-0.02548 0.09217 -0.00013
0.92596 0.00483 0.37758
0.51496 0.40542
WEIGHTS: None

VERT:
-0.02304 0.21499 -0.00769
0.76379 0.02452 0.64500
0.50235 0.54713
WEIGHTS: None

VERT:
-0.04961 0.24428 0.02266
0.76379 0.02452 0.64500
0.55940 0.58136
WEIGHTS: None

VERT:
-0.02548 0.09217 -0.00013
0.76379 0.02452 0.64500
0.51496 0.40542
WEIGHTS: None

VERT:
0.01174 -0.01852 -0.09000
0.89524 -0.01311 0.44539
0.36965 0.27691
WEIGHTS: None

VERT:
-0.00373 0.14353 -0.05414
0.89524 -0.01311 0.44539
0.42729 0.46426
WEIGHTS: None

VERT:
-0.02381 -0.01649 -0.01849
0.89524 -0.01311 0.44539
0.48914 0.27992
WEIGHTS: None

VERT:
0.02112 0.07523 -0.09443
0.80735 -0.05299 0.58769
0.35764 0.38500
WEIGHTS: None

VERT:
-0.00373 0.14353 -0.05414
0.80735 -0.05299 0.58769
0.42729 0.46426
WEIGHTS: None

VERT:
0.01174 -0.01852 -0.09000
0.80735 -0.05299 0.58769
0.36965 0.27691
WEIGHTS: None

VERT:
0.01720 0.14291 -0.12296
0.99856 0.04636 -0.02702
0.31981 0.46306
WEIGHTS: None

VERT:
0.01692 0.17088 -0.08536
0.99856 0.04636 -0.02702
0.37205 0.49549
WEIGHTS: None

VERT:
0.02112 0.07523 -0.09443
0.99856 0.04636 -0.02702
0.35764 0.38500
WEIGHTS: None

VERT:
0.01983 0.21017 -0.16353
0.99940 -0.02385 0.02522
0.26156 0.54052
WEIGHTS: None

VERT:
0.01692 0.17088 -0.08536
0.99940 -0.02385 0.02522
0.37205 0.49549
WEIGHTS: None

VERT:
0.01720 0.14291 -0.12296
0.99940 -0.02385 0.02522
0.31981 0.46306
WEIGHTS: None

VERT:
0.01692 0.17088 -0.08536
0.89186 -0.22597 0.39183
0.37205 0.49549
WEIGHTS: None

VERT:
0.00635 0.21796 -0.03416
0.89186 -0.22597 0.39183
0.44891 0.55013
WEIGHTS: None

VERT:
-0.00373 0.14353 -0.05414
0.89186 -0.22597 0.39183
0.42729 0.46426
WEIGHTS: None

VERT:
0.04689 0.25923 -0.13932
0.00206 -0.00115 -1.00000
0.15903 0.72948
WEIGHTS: None

VERT:
0.06127 -0.01508 -0.13898
0.00206 -0.00115 -1.00000
0.17344 0.96666
WEIGHTS: None

VERT:
-0.04429 -0.01393 -0.13920
0.00206 -0.00115 -1.00000
0.05755 0.96486
WEIGHTS: None

VERT:
0.04689 0.25923 -0.13932
-0.11770 -0.00742 -0.99302
0.15903 0.72948
WEIGHTS: None

VERT:
0.09275 0.34783 -0.14542
-0.11770 -0.00742 -0.99302
0.21127 0.65322
WEIGHTS: None

VERT:
0.06127 -0.01508 -0.13898
-0.11770 -0.00742 -0.99302
0.17344 0.96666
WEIGHTS: None

VERT:
-0.00285 0.27901 -0.12871
0.25255 -0.00110 -0.96758
0.10199 0.71206
WEIGHTS: None

VERT:
-0.04429 -0.01393 -0.13920
0.25255 -0.00110 -0.96758
0.05755 0.96486
WEIGHTS: None

VERT:
-0.07205 0.42735 -0.14694
0.25255 -0.00110 -0.96758
0.03100 0.58321
WEIGHTS: None

VERT:
0.04689 0.25923 -0.13932
-0.18490 0.06127 -0.98085
0.15903 0.72948
WEIGHTS: None

VERT:
-0.04429 -0.01393 -0.13920
-0.18490 0.06127 -0.98085
0.05755 0.96486
WEIGHTS: None

VERT:
-0.00285 0.27901 -0.12871
-0.18490 0.06127 -0.98085
0.10199 0.71206
WEIGHTS: None

VERT:
0.04073 -0.01647 -0.05632
0.34794 0.04293 -0.93653
0.48914 0.27992
WEIGHTS: None

VERT:
0.02241 0.09219 -0.05815
0.34794 0.04293 -0.93653
0.51496 0.40542
WEIGHTS: None

VERT:
0.07619 0.14353 -0.03582
0.34794 0.04293 -0.93653
0.42729 0.46426
WEIGHTS: None

VERT:
0.07619 0.14353 -0.03582
0.38722 -0.00455 -0.92198
0.42729 0.46426
WEIGHTS: None

VERT:
0.02995 0.21501 -0.05559
0.38722 -0.00455 -0.92198
0.50235 0.54713
WEIGHTS: None

VERT:
0.04097 0.24941 -0.05113
0.38722 -0.00455 -0.92198
0.48434 0.58676
WEIGHTS: None

VERT:
-0.00011 0.24432 -0.08246
0.65292 -0.02432 -0.75703
0.55940 0.58136
WEIGHTS: None

VERT:
0.02995 0.21501 -0.05559
0.65292 -0.02432 -0.75703
0.50235 0.54713
WEIGHTS: None

VERT:
0.02241 0.09219 -0.05815
0.65292 -0.02432 -0.75703
0.51496 0.40542
WEIGHTS: None

VERT:
0.11187 -0.01854 -0.02003
0.45471 0.01337 -0.89054
0.36965 0.27691
WEIGHTS: None

VERT:
0.04073 -0.01647 -0.05632
0.45471 0.01337 -0.89054
0.48914 0.27992
WEIGHTS: None

VERT:
0.07619 0.14353 -0.03582
0.45471 0.01337 -0.89054
0.42729 0.46426
WEIGHTS: None

VERT:
0.11621 0.07521 -0.01058
0.55136 0.01482 -0.83414
0.35764 0.38500
WEIGHTS: None

VERT:
0.07619 0.14353 -0.03582
0.55136 0.01482 -0.83414
0.42729 0.46426
WEIGHTS: None

VERT:
0.10720 0.17087 -0.01483
0.55136 0.01482 -0.83414
0.37205 0.49549
WEIGHTS: None

VERT:
0.14479 0.14288 -0.01417
-0.01661 -0.04600 -0.99880
0.31981 0.46306
WEIGHTS: None

VERT:
0.11621 0.07521 -0.01058
-0.01661 -0.04600 -0.99880
0.35764 0.38500
WEIGHTS: None

VERT:
0.10720 0.17087 -0.01483
-0.01661 -0.04600 -0.99880
0.37205 0.49549
WEIGHTS: None

VERT:
0.18533 0.21013 -0.01110
0.04514 0.00530 -0.99897
0.26156 0.54052
WEIGHTS: None

VERT:
0.10720 0.17087 -0.01483
0.04514 0.00530 -0.99897
0.37205 0.49549
WEIGHTS: None

VERT:
0.18603 0.23563 -0.01093
0.04514 0.00530 -0.99897
0.26036 0.56995
WEIGHTS: None

VERT:
0.10720 0.17087 -0.01483
0.25615 0.05065 -0.96531
0.37205 0.49549
WEIGHTS: None

VERT:
0.05611 0.21796 -0.02592
0.25615 0.05065 -0.96531
0.44891 0.55013
WEIGHTS: None

VERT:
0.08120 0.28554 -0.01572
0.25615 0.05065 -0.96531
0.40790 0.62794
WEIGHTS: None

VERT:
-0.06128 0.25916 -0.11665
-0.99747 0.00004 0.07107
0.15903 0.72948
WEIGHTS: None

VERT:
-0.06228 -0.01517 -0.13059
-0.99747 0.00004 0.07107
0.17344 0.96666
WEIGHTS: None

VERT:
-0.05478 -0.01377 -0.02529
-0.99747 0.00004 0.07107
0.05755 0.96486
WEIGHTS: None

VERT:
-0.06128 0.25916 -0.11665
-0.98176 -0.00606 0.19002
0.15903 0.72948
WEIGHTS: None

VERT:
-0.07062 0.34766 -0.16208
-0.98176 -0.00606 0.19002
0.21127 0.65322
WEIGHTS: None

VERT:
-0.06228 -0.01517 -0.13059
-0.98176 -0.00606 0.19002
0.17344 0.96666
WEIGHTS: None

VERT:
-0.04704 0.27905 -0.06785
-0.98346 -0.00032 -0.18111
0.10199 0.71206
WEIGHTS: None

VERT:
-0.05478 -0.01377 -0.02529
-0.98346 -0.00032 -0.18111
0.05755 0.96486
WEIGHTS: None

VERT:
-0.06000 0.42759 0.00227
-0.98346 -0.00032 -0.18111
0.03100 0.58321
WEIGHTS: None

VERT:
-0.06128 0.25916 -0.11665
-0.96465 0.06271 0.25598
0.15903 0.72948
WEIGHTS: None

VERT:
-0.05478 -0.01377 -0.02529
-0.96465 0.06271 0.25598
0.05755 0.96486
WEIGHTS: None

VERT:
-0.04704 0.27905 -0.06785
-0.96465 0.06271 0.25598
0.10199 0.71206
WEIGHTS: None

VERT:
-0.12022 -0.01826 -0.06272
-0.99779 0.00835 0.06596
0.63029 0.97670
WEIGHTS: None

VERT:
-0.11637 0.37897 -0.05478
-0.99779 0.00835 0.06596
0.62115 0.60053
WEIGHTS: None

VERT:
-0.11950 0.38740 -0.10331
-0.99779 0.00835 0.06596
0.68106 0.59283
WEIGHTS: None

VERT:
-0.11897 0.42529 -0.09362
-0.99794 -0.00231 0.06412
0.66928 0.55690
WEIGHTS: None

VERT:
-0.11950 0.38740 -0.10331
-0.99794 -0.00231 0.06412
0.68106 0.59283
WEIGHTS: None

VERT:
-0.11637 0.37897 -0.05478
-0.99794 -0.00231 0.06412
0.62115 0.60053
WEIGHTS: None

VERT:
-0.08624 0.29865 0.02046
-0.92779 0.00153 0.37309
0.52076 0.67622
WEIGHTS: None

VERT:
-0.11637 0.37897 -0.05478
-0.92779 0.00153 0.37309
0.62115 0.60053
WEIGHTS: None

VERT:
-0.12022 -0.01826 -0.06272
-0.92779 0.00153 0.37309
0.63029 0.97670
WEIGHTS: None

VERT:
-0.04209 0.33742 0.18805
-0.98589 0.01910 0.16629
0.30971 0.64056
WEIGHTS: None

VERT:
-0.06333 0.23293 0.07413
-0.98589 0.01910 0.16629
0.44871 0.73819
WEIGHTS: None

VERT:
-0.07214 -0.02112 0.05104
-0.98589 0.01910 0.16629
0.47825 0.97886
WEIGHTS: None

VERT:
-0.06333 0.23293 0.07413
-0.92116 -0.00340 0.38917
0.44871 0.73819
WEIGHTS: None

VERT:
-0.08624 0.29865 0.02046
-0.92116 -0.00340 0.38917
0.52076 0.67622
WEIGHTS: None

VERT:
-0.07214 -0.02112 0.05104
-0.92116 -0.00340 0.38917
0.47825 0.97886
WEIGHTS: None

VERT:
-0.04947 0.32870 0.07681
-0.85825 0.11010 0.50128
0.43901 0.64754
WEIGHTS: None

VERT:
-0.08624 0.29865 0.02046
-0.85825 0.11010 0.50128
0.52076 0.67622
WEIGHTS: None

VERT:
-0.06333 0.23293 0.07413
-0.85825 0.11010 0.50128
0.44871 0.73819
WEIGHTS: None

VERT:
-0.07167 0.35451 0.04184
-0.84561 -0.00380 0.53379
0.49007 0.62324
WEIGHTS: None

VERT:
-0.04947 0.32870 0.07681
-0.84561 -0.00380 0.53379
0.43901 0.64754
WEIGHTS: None

VERT:
-0.05748 0.37432 0.06446
-0.84561 -0.00380 0.53379
0.45725 0.61109
WEIGHTS: None

VERT:
-0.07042 0.34732 0.13043
-0.86106 -0.35712 0.36200
0.38866 0.63042
WEIGHTS: None

VERT:
-0.04209 0.33742 0.18805
-0.86106 -0.35712 0.36200
0.30971 0.64056
WEIGHTS: None

VERT:
-0.05775 0.37335 0.18624
-0.86106 -0.35712 0.36200
0.31938 0.60261
WEIGHTS: None

VERT:
-0.11637 0.37897 -0.05478
-0.99794 -0.00231 0.06412
0.62115 0.60053
WEIGHTS: None

VERT:
-0.11548 0.48232 -0.03725
-0.99794 -0.00231 0.06412
0.60003 0.50256
WEIGHTS: None

VERT:
-0.11696 0.46167 -0.06101
-0.99794 -0.00231 0.06412
0.62923 0.52226
WEIGHTS: None

VERT:
0.04847 -0.01632 0.02735
0.17184 -0.04540 -0.98408
0.48914 0.27992
WEIGHTS: None

VERT:
0.00966 0.14352 0.01320
0.17184 -0.04540 -0.98408
0.42729 0.46426
WEIGHTS: None

VERT:
0.06668 0.09237 0.02551
0.17184 -0.04540 -0.98408
0.51496 0.40542
WEIGHTS: None

VERT:
0.00966 0.14352 0.01320
0.21298 0.00216 -0.97705
0.42729 0.46426
WEIGHTS: None

VERT:
0.05862 0.21516 0.02403
0.21298 0.00216 -0.97705
0.50235 0.54713
WEIGHTS: None

VERT:
0.06668 0.09237 0.02551
0.21298 0.00216 -0.97705
0.51496 0.40542
WEIGHTS: None

VERT:
0.05862 0.21516 0.02403
0.50420 0.02264 -0.86329
0.50235 0.54713
WEIGHTS: None

VERT:
0.09303 0.24466 0.04490
0.50420 0.02264 -0.86329
0.55940 0.58136
WEIGHTS: None

VERT:
0.06668 0.09237 0.02551
0.50420 0.02264 -0.86329
0.51496 0.40542
WEIGHTS: None

VERT:
-0.02808 -0.01867 0.00461
0.28511 -0.01561 -0.95837
0.36965 0.27691
WEIGHTS: None

VERT:
0.00966 0.14352 0.01320
0.28511 -0.01561 -0.95837
0.42729 0.46426
WEIGHTS: None

VERT:
0.04847 -0.01632 0.02735
0.28511 -0.01561 -0.95837
0.48914 0.27992
WEIGHTS: None

VERT:
-0.03419 0.07502 -0.00415
0.44052 -0.05507 -0.89605
0.35764 0.38500
WEIGHTS: None

VERT:
0.00966 0.14352 0.01320
0.44052 -0.05507 -0.89605
0.42729 0.46426
WEIGHTS: None

VERT:
-0.02808 -0.01867 0.00461
0.44052 -0.05507 -0.89605
0.36965 0.27691
WEIGHTS: None

VERT:
-0.06174 0.14267 0.00440
-0.19816 0.04304 -0.97922
0.31981 0.46306
WEIGHTS: None

VERT:
-0.02469 0.17071 -0.00187
-0.19816 0.04304 -0.97922
0.37205 0.49549
WEIGHTS: None

VERT:
-0.03419 0.07502 -0.00415
-0.19816 0.04304 -0.97922
0.35764 0.38500
WEIGHTS: None

VERT:
-0.10225 0.20984 0.00856
-0.14669 -0.02711 -0.98881
0.26156 0.54052
WEIGHTS: None

VERT:
-0.02469 0.17071 -0.00187
-0.14669 -0.02711 -0.98881
0.37205 0.49549
WEIGHTS: None

VERT:
-0.06174 0.14267 0.00440
-0.14669 -0.02711 -0.98881
0.31981 0.46306
WEIGHTS: None

VERT:
-0.02469 0.17071 -0.00187
0.23357 -0.22861 -0.94508
0.37205 0.49549
WEIGHTS: None

VERT:
0.02750 0.21793 -0.00039
0.23357 -0.22861 -0.94508
0.44891 0.55013
WEIGHTS: None

VERT:
0.00966 0.14352 0.01320
0.23357 -0.22861 -0.94508
0.42729 0.46426
WEIGHTS: None

VERT:
0.04962 0.25911 -0.06149
0.78189 0.00091 -0.62342
0.15903 0.72948
WEIGHTS: None

VERT:
0.05835 -0.01525 -0.05095
0.78189 0.00091 -0.62342
0.17344 0.96666
WEIGHTS: None

VERT:
-0.00746 -0.01364 -0.13349
0.78189 0.00091 -0.62342
0.05755 0.96486
WEIGHTS: None

VERT:
0.04962 0.25911 -0.06149
0.70158 -0.00507 -0.71257
0.15903 0.72948
WEIGHTS: None

VERT:
0.08305 0.34753 -0.02921
0.70158 -0.00507 -0.71257
0.21127 0.65322
WEIGHTS: None

VERT:
0.05835 -0.01525 -0.05095
0.70158 -0.00507 -0.71257
0.17344 0.96666
WEIGHTS: None

VERT:
0.01026 0.27907 -0.09362
0.91315 0.00026 -0.40763
0.10199 0.71206
WEIGHTS: None

VERT:
-0.00746 -0.01364 -0.13349
0.91315 0.00026 -0.40763
0.05755 0.96486
WEIGHTS: None

VERT:
-0.01877 0.42777 -0.15855
0.91315 0.00026 -0.40763
0.03100 0.58321
WEIGHTS: None

VERT:
0.04962 0.25911 -0.06149
0.65015 0.06377 -0.75712
0.15903 0.72948
WEIGHTS: None

VERT:
-0.00746 -0.01364 -0.13349
0.65015 0.06377 -0.75712
0.05755 0.96486
WEIGHTS: None

VERT:
0.01026 0.27907 -0.09362
0.65015 0.06377 -0.75712
0.10199 0.71206
WEIGHTS: None

VERT:
-0.06536 -0.01799 -0.10528
-0.87767 0.00711 -0.47921
0.63029 0.97670
WEIGHTS: None

VERT:
-0.06719 0.37923 -0.09605
-0.87767 0.00711 -0.47921
0.62115 0.60053
WEIGHTS: None

VERT:
-0.04383 0.38783 -0.13869
-0.87767 0.00711 -0.47921
0.68106 0.59283
WEIGHTS: None

VERT:
-0.04866 0.42568 -0.13018
-0.87678 -0.00355 -0.48088
0.66928 0.55690
WEIGHTS: None

VERT:
-0.04383 0.38783 -0.13869
-0.87678 -0.00355 -0.48088
0.68106 0.59283
WEIGHTS: None

VERT:
-0.06719 0.37923 -0.09605
-0.87678 -0.00355 -0.48088
0.62115 0.60053
WEIGHTS: None

VERT:
-0.08193 0.29870 -0.01648
-0.98322 -0.00028 -0.18244
0.52076 0.67622
WEIGHTS: None

VERT:
-0.06719 0.37923 -0.09605
-0.98322 -0.00028 -0.18244
0.62115 0.60053
WEIGHTS: None

VERT:
-0.06536 -0.01799 -0.10528
-0.98322 -0.00028 -0.18244
0.63029 0.97670
WEIGHTS: None

VERT:
-0.13458 0.33697 0.14872
-0.92144 0.01766 -0.38812
0.30971 0.64056
WEIGHTS: None

VERT:
-0.09122 0.23284 0.04104
-0.92144 0.01766 -0.38812
0.44871 0.73819
WEIGHTS: None

VERT:
-0.08577 -0.02115 0.01653
-0.92144 0.01766 -0.38812
0.47825 0.97886
WEIGHTS: None

VERT:
-0.09122 0.23284 0.04104
-0.98623 -0.00523 -0.16532
0.44871 0.73819
WEIGHTS: None

VERT:
-0.08193 0.29870 -0.01648
-0.98623 -0.00523 -0.16532
0.52076 0.67622
WEIGHTS: None

VERT:
-0.08577 -0.02115 0.01653
-0.98623 -0.00523 -0.16532
0.47825 0.97886
WEIGHTS: None

VERT:
-0.08116 0.32862 0.05084
-0.99346 0.10809 -0.03673
0.43901 0.64754
WEIGHTS: None

VERT:
-0.08193 0.29870 -0.01648
-0.99346 0.10809 -0.03673
0.52076 0.67622
WEIGHTS: None

VERT:
-0.09122 0.23284 0.04104
-0.99346 0.10809 -0.03673
0.44871 0.73819
WEIGHTS: None

VERT:
-0.08120 0.35452 0.00945
-0.99998 -0.00585 -0.00274
0.49007 0.62324
WEIGHTS: None

VERT:
-0.08116 0.32862 0.05084
-0.99998 -0.00585 -0.00274
0.43901 0.64754
WEIGHTS: None

VERT:
-0.08139 0.37428 0.03618
-0.99998 -0.00585 -0.00274
0.45725 0.61109
WEIGHTS: None

VERT:
-0.12762 0.34701 0.08489
-0.92008 -0.35898 -0.15679
0.38866 0.63042
WEIGHTS: None

VERT:
-0.13458 0.33697 0.14872
-0.92008 -0.35898 -0.15679
0.30971 0.64056
WEIGHTS: None

VERT:
-0.14691 0.37287 0.13884
-0.92008 -0.35898 -0.15679
0.31938 0.60261
WEIGHTS: None

VERT:
-0.06719 0.37923 -0.09605
-0.87678 -0.00355 -0.48088
0.62115 0.60053
WEIGHTS: None

VERT:
-0.07605 0.48252 -0.08066
-0.87678 -0.00355 -0.48088
0.60003 0.50256
WEIGHTS: None

VERT:
-0.06452 0.46195 -0.10153
-0.87678 -0.00355 -0.48088
0.62923 0.52226
WEIGHTS: None

VERT:
0.09661 -0.01829 0.02891
0.11865 -0.00324 -0.99293
0.63029 0.97670
WEIGHTS: None

VERT:
-0.02602 -0.02112 0.01426
0.11865 -0.00324 -0.99293
0.47825 0.97886
WEIGHTS: None

VERT:
0.00757 0.29864 0.01723
0.11865 -0.00324 -0.99293
0.52076 0.67622
WEIGHTS: None

VERT:
0.00757 0.29864 0.01723
0.46451 -0.35156 -0.81280
0.52076 0.67622
WEIGHTS: None

VERT:
0.03429 0.36862 0.00224
0.46451 -0.35156 -0.81280
0.54775 0.60997
WEIGHTS: None

VERT:
0.08785 0.37894 0.02838
0.46451 -0.35156 -0.81280
0.62115 0.60053
WEIGHTS: None

VERT:
-0.15987 0.33746 -0.02749
0.09785 -0.24803 -0.96380
0.30971 0.64056
WEIGHTS: None

VERT:
-0.09578 0.34734 -0.02353
0.09785 -0.24803 -0.96380
0.38866 0.63042
WEIGHTS: None

VERT:
-0.05041 0.23294 0.01052
0.09785 -0.24803 -0.96380
0.44871 0.73819
WEIGHTS: None

VERT:
-0.05960 0.32871 0.02124
-0.05413 0.01203 -0.99846
0.43901 0.64754
WEIGHTS: None

VERT:
-0.01822 0.35451 0.01930
-0.05413 0.01203 -0.99846
0.49007 0.62324
WEIGHTS: None

VERT:
0.00757 0.29864 0.01723
-0.05413 0.01203 -0.99846
0.52076 0.67622
WEIGHTS: None

VERT:
0.08785 0.37894 0.02838
0.43901 -0.00220 -0.89848
0.62115 0.60053
WEIGHTS: None

VERT:
0.03429 0.36862 0.00224
0.43901 -0.00220 -0.89848
0.54775 0.60997
WEIGHTS: None

VERT:
0.07220 0.48230 0.02048
0.43901 -0.00220 -0.89848
0.60003 0.50256
WEIGHTS: None

VERT:
-0.00373 0.14353 -0.05414
0.92596 0.00483 0.37758
0.42729 0.46426
WEIGHTS: None

VERT:
-0.01871 0.24940 -0.01875
0.92596 0.00483 0.37758
0.48434 0.58676
WEIGHTS: None

VERT:
-0.02304 0.21499 -0.00769
0.92596 0.00483 0.37758
0.50235 0.54713
WEIGHTS: None

VERT:
-0.02304 0.21499 -0.00769
0.80620 0.13423 0.57622
0.50235 0.54713
WEIGHTS: None

VERT:
-0.04579 0.26256 0.01305
0.80620 0.13423 0.57622
0.54379 0.60237
WEIGHTS: None

VERT:
-0.04961 0.24428 0.02266
0.80620 0.13423 0.57622
0.55940 0.58136
WEIGHTS: None

VERT:
0.02112 0.07523 -0.09443
0.83985 -0.01458 0.54262
0.35764 0.38500
WEIGHTS: None

VERT:
0.01692 0.17088 -0.08536
0.83985 -0.01458 0.54262
0.37205 0.49549
WEIGHTS: None

VERT:
-0.00373 0.14353 -0.05414
0.83985 -0.01458 0.54262
0.42729 0.46426
WEIGHTS: None

VERT:
0.01983 0.21017 -0.16353
0.99938 -0.00495 0.03472
0.26156 0.54052
WEIGHTS: None

VERT:
0.01998 0.23566 -0.16422
0.99938 -0.00495 0.03472
0.26036 0.56995
WEIGHTS: None

VERT:
0.01692 0.17088 -0.08536
0.99938 -0.00495 0.03472
0.37205 0.49549
WEIGHTS: None

VERT:
0.01692 0.17088 -0.08536
0.96795 -0.05034 0.24605
0.37205 0.49549
WEIGHTS: None

VERT:
0.01627 0.28555 -0.05934
0.96795 -0.05034 0.24605
0.40790 0.62794
WEIGHTS: None

VERT:
0.00635 0.21796 -0.03416
0.96795 -0.05034 0.24605
0.44891 0.55013
WEIGHTS: None

VERT:
-0.00285 0.27901 -0.12871
-0.27308 0.18197 -0.94463
0.10199 0.71206
WEIGHTS: None

VERT:
0.01563 0.39536 -0.11164
-0.27308 0.18197 -0.94463
0.11880 0.61176
WEIGHTS: None

VERT:
0.04025 0.37810 -0.12208
-0.27308 0.18197 -0.94463
0.14822 0.62680
WEIGHTS: None

VERT:
0.04025 0.37810 -0.12208
-0.15582 0.13325 -0.97876
0.14822 0.62680
WEIGHTS: None

VERT:
0.04689 0.25923 -0.13932
-0.15582 0.13325 -0.97876
0.15903 0.72948
WEIGHTS: None

VERT:
-0.00285 0.27901 -0.12871
-0.15582 0.13325 -0.97876
0.10199 0.71206
WEIGHTS: None

VERT:
0.07619 0.14353 -0.03582
0.38722 -0.00455 -0.92198
0.42729 0.46426
WEIGHTS: None

VERT:
0.02241 0.09219 -0.05815
0.38722 -0.00455 -0.92198
0.51496 0.40542
WEIGHTS: None

VERT:
0.02995 0.21501 -0.05559
0.38722 -0.00455 -0.92198
0.50235 0.54713
WEIGHTS: None

VERT:
-0.00011 0.24432 -0.08246
0.58456 -0.13400 -0.80021
0.55940 0.58136
WEIGHTS: None

VERT:
0.00945 0.26259 -0.07853
0.58456 -0.13400 -0.80021
0.54379 0.60237
WEIGHTS: None

VERT:
0.02995 0.21501 -0.05559
0.58456 -0.13400 -0.80021
0.50235 0.54713
WEIGHTS: None

VERT:
0.11621 0.07521 -0.01058
0.59609 0.05321 -0.80115
0.35764 0.38500
WEIGHTS: None

VERT:
0.11187 -0.01854 -0.02003
0.59609 0.05321 -0.80115
0.36965 0.27691
WEIGHTS: None

VERT:
0.07619 0.14353 -0.03582
0.59609 0.05321 -0.80115
0.42729 0.46426
WEIGHTS: None

VERT:
0.18533 0.21013 -0.01110
0.03565 0.02419 -0.99907
0.26156 0.54052
WEIGHTS: None

VERT:
0.14479 0.14288 -0.01417
0.03565 0.02419 -0.99907
0.31981 0.46306
WEIGHTS: None

VERT:
0.10720 0.17087 -0.01483
0.03565 0.02419 -0.99907
0.37205 0.49549
WEIGHTS: None

VERT:
0.10720 0.17087 -0.01483
0.40117 0.22625 -0.88762
0.37205 0.49549
WEIGHTS: None

VERT:
0.07619 0.14353 -0.03582
0.40117 0.22625 -0.88762
0.42729 0.46426
WEIGHTS: None

VERT:
0.05611 0.21796 -0.02592
0.40117 0.22625 -0.88762
0.44891 0.55013
WEIGHTS: None

VERT:
-0.04704 0.27905 -0.06785
-0.92197 0.18353 0.34101
0.10199 0.71206
WEIGHTS: None

VERT:
-0.03124 0.39531 -0.08771
-0.92197 0.18353 0.34101
0.11880 0.61176
WEIGHTS: None

VERT:
-0.04347 0.37801 -0.11147
-0.92197 0.18353 0.34101
0.14822 0.62680
WEIGHTS: None

VERT:
-0.04347 0.37801 -0.11147
-0.96462 0.13466 0.22665
0.14822 0.62680
WEIGHTS: None

VERT:
-0.06128 0.25916 -0.11665
-0.96462 0.13466 0.22665
0.15903 0.72948
WEIGHTS: None

VERT:
-0.04704 0.27905 -0.06785
-0.96462 0.13466 0.22665
0.10199 0.71206
WEIGHTS: None

VERT:
-0.12022 -0.01826 -0.06272
-0.92116 -0.00340 0.38917
0.63029 0.97670
WEIGHTS: None

VERT:
-0.07214 -0.02112 0.05104
-0.92116 -0.00340 0.38917
0.47825 0.97886
WEIGHTS: None

VERT:
-0.08624 0.29865 0.02046
-0.92116 -0.00340 0.38917
0.52076 0.67622
WEIGHTS: None

VERT:
-0.08624 0.29865 0.02046
-0.93613 -0.35166 -0.00061
0.52076 0.67622
WEIGHTS: None

VERT:
-0.11252 0.36863 0.00470
-0.93613 -0.35166 -0.00061
0.54775 0.60997
WEIGHTS: None

VERT:
-0.11637 0.37897 -0.05478
-0.93613 -0.35166 -0.00061
0.62115 0.60053
WEIGHTS: None

VERT:
-0.04209 0.33742 0.18805
-0.88553 -0.24819 0.39273
0.30971 0.64056
WEIGHTS: None

VERT:
-0.07042 0.34732 0.13043
-0.88553 -0.24819 0.39273
0.38866 0.63042
WEIGHTS: None

VERT:
-0.06333 0.23293 0.07413
-0.88553 -0.24819 0.39273
0.44871 0.73819
WEIGHTS: None

VERT:
-0.04947 0.32870 0.07681
-0.84031 0.01185 0.54197
0.43901 0.64754
WEIGHTS: None

VERT:
-0.07167 0.35451 0.04184
-0.84031 0.01185 0.54197
0.49007 0.62324
WEIGHTS: None

VERT:
-0.08624 0.29865 0.02046
-0.84031 0.01185 0.54197
0.52076 0.67622
WEIGHTS: None

VERT:
-0.11637 0.37897 -0.05478
-0.99794 -0.00231 0.06412
0.62115 0.60053
WEIGHTS: None

VERT:
-0.11252 0.36863 0.00470
-0.99794 -0.00231 0.06412
0.54775 0.60997
WEIGHTS: None

VERT:
-0.11548 0.48232 -0.03725
-0.99794 -0.00231 0.06412
0.60003 0.50256
WEIGHTS: None

VERT:
0.00966 0.14352 0.01320
0.21298 0.00216 -0.97705
0.42729 0.46426
WEIGHTS: None

VERT:
0.04693 0.24953 0.02155
0.21298 0.00216 -0.97705
0.48434 0.58676
WEIGHTS: None

VERT:
0.05862 0.21516 0.02403
0.21298 0.00216 -0.97705
0.50235 0.54713
WEIGHTS: None

VERT:
0.05862 0.21516 0.02403
0.42881 0.13212 -0.89368
0.50235 0.54713
WEIGHTS: None

VERT:
0.08289 0.26289 0.04273
0.42881 0.13212 -0.89368
0.54379 0.60237
WEIGHTS: None

VERT:
0.09303 0.24466 0.04490
0.42881 0.13212 -0.89368
0.55940 0.58136
WEIGHTS: None

VERT:
-0.03419 0.07502 -0.00415
0.39042 -0.01681 -0.92048
0.35764 0.38500
WEIGHTS: None

VERT:
-0.02469 0.17071 -0.00187
0.39042 -0.01681 -0.92048
0.37205 0.49549
WEIGHTS: None

VERT:
0.00966 0.14352 0.01320
0.39042 -0.01681 -0.92048
0.42729 0.46426
WEIGHTS: None

VERT:
-0.10225 0.20984 0.00856
-0.13737 -0.00821 -0.99049
0.26156 0.54052
WEIGHTS: None

VERT:
-0.10300 0.23534 0.00846
-0.13737 -0.00821 -0.99049
0.26036 0.56995
WEIGHTS: None

VERT:
-0.02469 0.17071 -0.00187
-0.13737 -0.00821 -0.99049
0.37205 0.49549
WEIGHTS: None

VERT:
-0.02469 0.17071 -0.00187
0.07635 -0.05329 -0.99566
0.37205 0.49549
WEIGHTS: None

VERT:
0.00088 0.28542 -0.00605
0.07635 -0.05329 -0.99566
0.40790 0.62794
WEIGHTS: None

VERT:
0.02750 0.21793 -0.00039
0.07635 -0.05329 -0.99566
0.44891 0.55013
WEIGHTS: None

VERT:
0.01026 0.27907 -0.09362
0.56688 0.18468 -0.80283
0.10199 0.71206
WEIGHTS: None

VERT:
0.00848 0.39528 -0.06814
0.56688 0.18468 -0.80283
0.11880 0.61176
WEIGHTS: None

VERT:
0.03201 0.37795 -0.05551
0.56688 0.18468 -0.80283
0.14822 0.62680
WEIGHTS: None

VERT:
0.03201 0.37795 -0.05551
0.66677 0.13570 -0.73280
0.14822 0.62680
WEIGHTS: None

VERT:
0.04962 0.25911 -0.06149
0.66677 0.13570 -0.73280
0.15903 0.72948
WEIGHTS: None

VERT:
0.01026 0.27907 -0.09362
0.66677 0.13570 -0.73280
0.10199 0.71206
WEIGHTS: None

VERT:
-0.06536 -0.01799 -0.10528
-0.98623 -0.00523 -0.16532
0.63029 0.97670
WEIGHTS: None

VERT:
-0.08577 -0.02115 0.01653
-0.98623 -0.00523 -0.16532
0.47825 0.97886
WEIGHTS: None

VERT:
-0.08193 0.29870 -0.01648
-0.98623 -0.00523 -0.16532
0.52076 0.67622
WEIGHTS: None

VERT:
-0.08193 0.29870 -0.01648
-0.78889 -0.35278 -0.50318
0.52076 0.67622
WEIGHTS: None

VERT:
-0.09580 0.36869 -0.04379
-0.78889 -0.35278 -0.50318
0.54775 0.60997
WEIGHTS: None

VERT:
-0.06719 0.37923 -0.09605
-0.78889 -0.35278 -0.50318
0.62115 0.60053
WEIGHTS: None

VERT:
-0.13458 0.33697 0.14872
-0.95750 -0.25007 -0.14374
0.30971 0.64056
WEIGHTS: None

VERT:
-0.12762 0.34701 0.08489
-0.95750 -0.25007 -0.14374
0.38866 0.63042
WEIGHTS: None

VERT:
-0.09122 0.23284 0.04104
-0.95750 -0.25007 -0.14374
0.44871 0.73819
WEIGHTS: None

VERT:
-0.08116 0.32862 0.05084
-0.99993 0.00979 0.00704
0.43901 0.64754
WEIGHTS: None

VERT:
-0.08120 0.35452 0.00945
-0.99993 0.00979 0.00704
0.49007 0.62324
WEIGHTS: None

VERT:
-0.08193 0.29870 -0.01648
-0.99993 0.00979 0.00704
0.52076 0.67622
WEIGHTS: None

VERT:
-0.06719 0.37923 -0.09605
-0.87678 -0.00355 -0.48088
0.62115 0.60053
WEIGHTS: None

VERT:
-0.09580 0.36869 -0.04379
-0.87678 -0.00355 -0.48088
0.54775 0.60997
WEIGHTS: None

VERT:
-0.07605 0.48252 -0.08066
-0.87678 -0.00355 -0.48088
0.60003 0.50256
WEIGHTS: None

INDEX_COUNT: 297
0 1 2 3 4 5 6 7 8 9 10 11 12 13 14 15 16 17 18 19 20 21 22 23 24 25 26 27 28 29 30 31 32 33 34 35 36 37 38 39 40 41 42 43 44 45 46 47 48 49 50 51 52 53 54 55 56 57 58 59 60 61 62 63 64 65 66 67 68 69 70 71 72 73 74 75 76 77 78 79 80 81 82 83 84 85 86 87 88 89 90 91 92 93 94 95 96 97 98 99 100 101 102 103 104 105 106 107 108 109 110 111 112 113 114 115 116 117 118 119 120 121 122 123 124 125 126 127 128 129 130 131 132 133 134 135 136 137 138 139 140 141 142 143 144 145 146 147 148 149 150 151 152 153 154 155 156 157 158 159 160 161 162 163 164 165 166 167 168 169 170 171 172 173 174 175 176 177 178 179 180 181 182 183 184 185 186 187 188 189 190 191 192 193 194 195 196 197 198 199 200 201 202 203 204 205 206 207 208 209 210 211 212 213 214 215 216 217 218 219 220 221 222 223 224 225 226 227 228 229 230 231 232 233 234 235 236 237 238 239 240 241 242 243 244 245 246 247 248 249 250 251 252 253 254 255 256 257 258 259 260 261 262 263 264 265 266 267 268 269 270 271 272 273 274 275 276 277 278 279 280 281 282 283 284 285 286 287 288 289 290 291 292 293 294 295 296 
